-1209.7165253513458
-1238.9464725313774
-1264.2395462475968
-1346.0553609891153
-1249.0195139641128
-1334.1647151473967
-1229.0997583311553
-1313.5200918367216
-1204.7274172597417
-1362.4476568709722
-1254.9090187894135
-1261.6815107477607
-1284.51643504647
-1314.836634763643
-1321.5327088589515
-1110.8514219272881
-1264.883227035375
-1152.66589944818
-1307.6798245914538
-1329.0635214331712
-1354.7789461730304
-1332.3745832242962
-1297.1140590228433
-1318.4939997863275
-1128.984482630644
-1307.512492938794
-1184.5853305754242
-1366.2866179876848
-1371.9960167080176
-1257.1865036665397
-1303.9679016224545
-1280.723756695469
-1330.8087453558137
-1386.0263808366974
-1321.1505222026105
-1337.048893322104
-1338.7895731740514
-1293.851570122147
-1327.3868325212775
-1280.0046979473855
-1332.930998766236
-1334.001369030496
-1173.9333863205757
-1220.3795457272224
-1275.9722519798518
-1319.0314986175142
-1319.8332126145515
-1295.5670634931691
-1324.3565435675812
-1303.5310786868583
-1138.7067532789
-1275.0277002610324
-1189.0487605929065
-1284.0298922784905
-1193.1465971818013
-1245.5165405181592
-1301.7161545111942
-1274.3031165860632
-1359.9439725403206
-1328.8547520856866
-1162.31499381263
-1284.278608368015
-1299.8975349161935
-1263.9552531400288
-1345.3638355946084
-1328.1095029525954
-1357.6903339966432
-1260.051169753432
-1298.9116451880996
-1228.2554782745199
-1279.1963353507826
-1266.1180242529374
-1341.8172925398035
-1261.2728762112417
-1326.021408918926
-1376.148132388222
-1263.8833313607688
-1387.6444666049194
-1304.6185653373625
-1239.1314380323547
-1289.1544408277252
-1315.143517323776
-1358.4599972116644
-1330.3412840263395
-1311.7807075845224
-1240.3136046410712
-1294.808643275541
-1371.7367602215677
-1222.2694596890806
-1310.0726574310024
-1338.680125017108
-1304.41644319584
-1278.5470834723405
-1258.8689565852394
-1356.5419031158622
-1334.051506847831
-1354.6682065543123
-1330.9259387948593
-1346.786708799543
-1220.5856226530364
-1341.1660963572367
-1301.0177141634576
-1289.985132652076
-1342.671575054149
-1328.72411108703
-1308.149563020435
-1314.3460813938868
-1088.224885231746
-1168.5354384292968
-1228.8866444029256
-1284.0115316117299
-1324.1368797026635
-1284.3742629452736
-1359.1801610910147
-1240.594796237308
-1280.9240499348373
-1257.8596850407569
-1141.3595779082798
-1324.0395264126864
-1230.8646643982831
-1311.3765543531324
-1269.8561099885003
-1260.0614252477467
-1275.593268152958
-1275.1447838661281
-1245.0076717271133
-1334.5651769244066
-1072.8141737480107
-1280.427357959045
-1181.0291036413
-1363.252357330178
-1292.973709040824
-1285.3364162771882
-1210.9409817077444
-1289.3340761681723
-1168.6481309834792
-1278.8740721799732
-1219.3129421295278
-1289.6051157568158
-1270.5623782725645
-1305.1784171835325
-1115.032622875722
-1311.7841191144182
-1284.3386470588443
-1301.7664132440427
-1233.854469303307
-1250.9410130057602
-1369.7516722806836
-1225.6689426956054
-1286.990525384146
-1261.8475750901264
-1422.2052176219474
-1216.640413032014
-1369.8702315178807
-1220.8674142318328
-1137.9885249540605
-1064.347167764221
-1286.6697414677
-1350.0331203180792
-1110.9160870782723
-1295.724335063274
-1296.4600791901346
-1249.647429073278
-1295.1109517150096
-1333.1825683148904
-1375.030889956362
-1313.473871851159
-1221.6355490220967
-1264.3786857251264
-1345.8934849301581
-1272.5708338364018
-1283.3472116143182
-1311.9131989176096
-1339.8095262434506
-1347.3636522746133
-1302.283034324294
-1334.4845927336714
-1294.758651011542
-1361.3922954939094
-1306.9045878387033
-1253.548626600324
-1307.2403712135915
-1272.4987883549627
-1220.9862792252557
-1292.7248597939831
-1361.7791626228338
-1338.30762857893
-1273.3804825574828
-1182.3736289969931
-1174.552695794076
-1255.1411234808947
-1236.7583022577253
-1318.4790457437794
-1114.9970804043178
-1272.5193528095322
-1339.061147543565
-1355.8373430876964
-1227.4854025122897
-1286.0274695251342
-1362.3344028691
