113.5702562555326
118.64032351660457
142.4431757619391
95.84858163574656
102.45063195570137
112.72121141166387
45.839227456850615
104.24705174248992
92.0940260359654
111.69180131066236
105.4848703222046
118.58082017415032
119.56446313206227
92.1982511000966
76.09824646615928
132.85559816842425
92.85886242808084
31.05630972558533
100.98803367011062
90.29777623011715
119.8719516550416
26.742034748677128
22.03017556194104
100.72751004417512
111.0435993842472
107.23880946762732
118.7687826844891
109.16224340449303
103.65799514270414
99.42998644821948
93.67525442198186
112.19452687762725
121.17071072042414
83.69411995759366
97.03104448005702
69.65460662196043
115.64254869651153
122.12248639389533
99.06325684894786
61.85836332260683
50.57112816604734
81.26299968660541
67.9527718808921
100.48320383844
95.631585505556
44.03611422947016
116.84774354964907
100.83081059230801
123.21112477104461
144.27501664706782
119.8643864734037
56.929740885563994
96.38151696070291
84.47438682074986
66.41791096524462
34.79559199076777
101.35603437166968
114.0599181823813
113.31024195488473
104.51664719677558
94.77866448754219
107.54796207155815
103.11198044372968
91.38558398301036
113.18773948228252
90.35340626458044
30.33753121983621
101.62617490743085
107.57643058002344
91.15748596439077
81.80342436126608
117.72458446401312
109.63808451391961
87.8068022443511
69.02489935581383
91.38144767188335
115.42580429142262
116.36203614605662
65.50903047655561
106.44607012341267
28.071604731799752
95.76748740705972
81.99581885981536
104.94785649373404
64.83070884863054
104.24756381536987
112.60634579855122
95.4621646633702
92.32203723233323
110.63141170670981
105.44402469407295
131.8866283765368
65.7963048956984
96.35625074730658
113.12205964774041
150.0739051581084
111.58539283776152
106.14732635161333
97.68772810460933
36.116331557707085
56.2001199602434
118.6362672396198
123.4258471337242
122.12279360286757
18.11840277531481
99.41717934709139
110.21570265842796
197.73583229584978
81.73153646261365
129.6644140152095
22.568840815826686
108.25257433284865
52.4409455514233
105.76038132756784
122.01451085019471
112.5866277124341
117.18337938417959
119.63997091943612
119.76847632368423
143.15536902524335
53.47614991566764
95.96372093461426
82.54695007725464
106.68099887610771
57.11110354385392
69.31120671976667
18.95421698614402
196.1337072972419
103.37590024541971
125.68318280829295
103.69116747100857
62.51324143063553
106.24930028660066
66.05816472905649
61.64124919597976
125.85829930940943
113.50760093833038
135.30169835751911
89.19382406059546
52.013116428639385
106.13478578718505
83.65106426205696
87.61718471793716
89.9863283721872
79.64069651394715
97.44250380260505
99.00933230455783
78.46201601827515
120.57923524983882
117.4182144517822
82.67358846835144
100.30637967917276
33.47782700471594
90.9693640738962
61.319116868965786
74.8578082428718
19.17259314600946
106.47315440520043
87.89074432581629
46.87683361392636
126.34106523959933
43.05584729622293
67.9138707903644
106.57514111866638
111.46189056384571
69.40692042549594
72.08448142549476
95.10270100912922
90.56213754997367
118.07134019335876
89.35060521702134
61.2691533353798
93.68958415139005
98.23129459440723
92.22442214677918
73.21504422420614
48.82860739251144
114.51770957973883
119.48794780620369
74.15495325880899
102.1466406665624
119.94309932628997
108.11443615084173
136.76089300823386
116.1374476852006
120.1609649932344
53.92132391479075
84.57315870199359
60.11515330788123
134.10481591012615
93.15385380036132
57.20202553365969
61.63794421569472
44.88396735619136
94.81449970545279
126.24343326473495
102.69065111870442
65.97656973713109
87.80473045849163
103.16805684053125
