1666
1852
2171
1658
1954
1652
1279
1781
1546
1658
1702
1922
1938
1453
1372
2532
1601
1497
1636
1639
1691
1235
1028
1781
2023
1720
1956
1820
1698
1846
1547
1771
1848
1588
1630
1562
1806
1874
2005
1522
1282
1588
1324
1736
1605
1195
1742
1672
1801
2169
2190
1337
1706
1666
1630
1158
1776
1782
1800
1713
1661
1815
1680
1581
1808
1693
1279
1670
1728
1649
1603
1847
1715
1469
1413
1579
1842
1722
1444
1776
1224
1557
1689
1640
1421
1638
1764
1664
1578
1726
1685
1866
1472
1534
1651
2231
1619
1574
1580
1102
1345
1865
1834
1806
940
1826
1615
2956
1781
2028
1034
1760
1195
1623
1866
1791
2037
1918
1681
2227
1234
1706
1663
1687
1345
1456
1023
3368
1834
1963
1576
1529
1668
1229
1429
2181
1634
2208
1523
1422
1597
1620
1531
1750
1492
1557
1698
1379
1758
1759
1630
1432
1163
1556
1329
1738
856
1839
1486
1617
1881
1411
1516
1819
1840
1557
1635
1823
1617
1734
1723
1256
1821
1438
1719
1641
1315
2036
1715
1521
1937
1781
1732
2105
1737
1760
1429
1572
1488
2208
1568
1330
1611
1527
1604
1754
1750
1517
1491
1619
