-1194.5336579289688
-1278.0399816449446
-1179.167619377145
-1163.0148595551511
-1226.6434112555626
-1288.3213033461386
-1259.7414548085658
-1368.3975178479716
-1258.3005897421842
-1119.3840152332111
-1111.6098895953999
-1182.3133737664716
-1219.0168245335444
-1189.2044150563495
-1201.1211135765068
-1200.6453489230453
-1201.839381782445
-1306.0327408398975
-1395.9487382009077
-1257.0078269188705
-1326.8817877571396
-1103.4593223778204
-1256.0074414384942
-1365.7932911096218
-1207.3562423592568
-1257.444160715378
-1147.338265934757
-1089.2220187457203
-1168.2909007923447
-1140.9421493131597
-1323.4340661239833
-1218.4729939049926
-1195.8405847690078
-1361.6998444891008
-1228.1963871051905
-1186.662652499946
-1174.17683992861
-1152.160272391219
-1250.801782834862
-1211.5999887041646
-1194.0068523183584
-1127.0747659156084
-1278.6866421787677
-1236.596598972089
-1056.9310721419417
-1241.0741983542493
-1292.5314302707347
-1295.5214888822218
-1190.3543344870077
-1268.6365761581808
-1238.1914553778754
-1135.83776927017
-1339.2616198675562
-1262.7816788902028
-1066.8403117098278
-1210.2928994143588
-1218.8511718050634
-1297.8577059757708
-1264.2604946191248
-1270.3940877131959
-1262.2319767152246
-1297.067157715394
-1262.3451063460298
-1272.6866961353767
-1273.1639930952597
-1234.8426881657995
-1099.1840716731704
-1036.9361721043974
-1340.0212262092275
-1157.7351028829535
-1126.852758924332
-1284.1164090853383
-1175.528099636715
-1373.3035885045686
-1233.5201806078737
-1368.4358753760437
-1326.982977386455
-1239.9790845949824
-1285.4495003345344
-1243.1067582192659
-1216.9056887639833
-1323.4222015479493
-1350.8307497001329
-1134.9120355897744
-1330.7574499954674
-1231.075130994327
-1294.678034897113
-1245.881398485759
-1223.9065724633292
-1098.2225857697963
-1356.5630025201995
-1363.7548929864836
-1299.7400547971508
-1270.8799498591752
-1165.2262952607803
-1087.6736332552646
-1237.379939968479
-1177.2009916352417
-1257.9007295038775
-1313.0299455237055
