108.6921912684024
122.87015496026163
273.1640330414614
128.92514842846487
165.76138431521147
124.61961005965705
134.25098279436318
101.13084957709484
62.437744791706564
91.7629116345825
93.78201981815586
144.34106682110513
138.2797249386619
151.34285836173834
103.36926150955995
147.35660963598858
59.28149432270676
151.52436640853952
95.24580682544445
144.04514700396535
95.3994830842291
61.24539137243664
127.62623118095073
43.77505781356531
143.68531890585257
67.10280989382592
45.46431946019912
285.39642494430944
163.16409081073533
155.9431667326552
175.7784415669725
153.88987464894393
160.2739502718482
143.99150806970394
191.76188489007353
119.56920592395123
105.74124654135093
109.05145739758795
95.54611792926327
92.24204102775332
150.74337755093453
73.4312311404523
114.79402154147708
165.35347086451173
85.86037407175208
155.6725747633684
131.4257864417566
103.63439457987725
122.18027921453492
181.3014997200539
144.15052827635554
137.0495126000275
148.97019169716174
126.97099540856448
71.2861540363382
109.44395858008933
45.99385093236526
131.63036144997864
152.32458891224732
157.45434536905492
161.00650201291649
138.4984914726831
118.99402239650406
69.16914723723905
217.80460064482486
190.98201215636618
100.09778757454508
110.38341376870721
50.68418886589505
138.3568072453669
69.5986947058517
132.788050301518
157.34693685335458
144.29688246950818
122.85819028090613
164.24740780251534
126.7405068917177
138.5733720765449
138.99172334987733
166.25480001815242
146.66363481656055
128.0751656312434
89.9242086600312
147.59252091481264
97.37701188638505
109.35652215487738
168.9237174509993
154.46859374023595
90.52399732758435
190.73402677872
77.68736876370988
171.93667701781558
148.938794969722
158.97045615430915
123.71082481610811
73.57975187519357
148.7320125014531
65.38367202094985
131.46651994918304
159.51867726980302
