2512
2441
5598
2935
3558
2631
2981
2690
2205
2748
2574
3116
2524
3563
2564
2893
2440
2858
2147
2695
2116
2674
2934
1939
2989
2452
2048
6297
3228
3056
3203
3271
3039
2863
3833
2578
2484
2474
2560
2590
3263
2487
2683
3222
3146
3153
2986
2557
3845
3625
2988
2948
2867
2788
2445
2455
2102
2852
2989
3290
3166
2840
2814
2231
4010
3828
2724
3807
1825
3270
2313
3036
3253
2644
2685
3026
2541
2991
2659
3216
2872
2598
2507
2892
2341
2528
3036
3250
2275
3679
2393
2967
3050
3102
2770
2305
2811
2131
3123
3049
