49.62452139415568
55.949312133375855
89.86755669474898
109.38654354755985
47.77323352825633
99.0369968440906
85.86989220356152
109.64780403413876
67.21275997412602
118.35269855680382
58.06473848853168
29.494075700727116
118.75657830069895
61.726025176473364
83.64051761432789
25.88106774905564
88.09282974816121
56.64752124961882
89.07589991137323
69.66577391226865
75.69502657414336
87.69075123110147
88.6343340688419
70.42742633441391
89.40806433269046
54.00224347494397
82.09903579053913
54.40101077714755
86.33191104301866
77.56903957829665
64.50075244070437
107.27820789859427
35.27172943454246
103.4790995602028
72.89648237224561
91.90247665927821
93.05981840986887
90.17132799642194
43.322277173477204
60.472710699050516
94.17684602870355
100.29704450769084
28.939048441929224
87.36150842788601
63.180905961901516
79.48638534276299
73.43763061386538
91.57867259679831
107.84833302967522
66.38992154472079
96.682082225756
46.690446827154524
38.06771048994358
102.66309757858934
36.46471470976691
101.05667056681057
97.27246747707494
91.6172874367657
71.47495590201727
92.05313474339421
88.14113044974714
83.57943709654106
102.13642365268507
94.33163453047555
102.10100083838557
93.78832220715657
57.426969397420294
73.65032297475199
99.15046220831887
102.13527331372998
93.87346732261348
104.12413468450396
78.00687330415784
75.62221115475096
74.47561078114715
65.85178370912541
89.39777192878066
69.09607738165462
88.29301282097472
97.4509975976434
94.60055796876333
94.07464473349062
82.88954981582613
83.08640803696034
94.2839082558858
102.5817121244511
102.75235240009907
84.79129000932204
81.07296125522385
19.23839609882332
59.024487067451865
65.13387655190394
112.55750894259256
74.58281691227026
92.37628919002928
61.61965985761089
102.28679923951793
94.83064929688882
61.451423346043256
92.74229842427665
92.17516984749906
29.765132179789084
87.26480302684804
41.32476759870251
102.30072607372227
98.41902513800035
93.76324655414771
110.83175668104128
49.472613430305955
79.81504484687112
95.13122703362609
28.102479295139524
107.63075023803286
92.78167302955917
91.90010801170541
93.678878903492
86.23508812110666
101.99431612631386
101.60220404541236
24.157662833372658
178.48620660249364
85.04296188059328
93.31279710579909
75.52500446255951
76.73632350168532
90.44300957007006
61.95026215754993
74.55293954378165
88.68488325404125
85.72600657799917
47.293364031816786
83.04423777268323
53.248801997917276
70.31779553233693
72.82286428636274
83.22655402434313
91.38120262329713
98.39172215739993
87.72787819608006
76.22180962960007
25.274305365639215
74.73371817279579
39.85580127663981
84.59455185452437
53.71378181594463
96.87817516148667
102.45799946964053
112.98071221440068
83.30706719158978
84.94074929592296
46.617425416544954
91.09791341863696
97.49483615848185
93.89682068054468
85.67193406818728
78.46096577628643
27.574871154483677
80.67187498690107
93.63114041044729
93.93961141625141
84.82890188874478
99.63699169912412
70.25654544588312
85.79262582145749
92.39083381045764
64.14435918916999
84.04316843727982
13.100958656490901
101.16284923144288
64.39710449422415
82.69967847295335
70.213785376762
56.931533014464655
31.625426705316055
96.96984050940777
47.03513100366649
92.77477535719062
102.5148933664473
56.478604241786144
112.598261275109
43.264860273798966
86.48429986922314
112.61705086008746
83.47368426146099
94.43789064523015
98.09745886204907
91.72872263373496
63.89574388674471
80.3245339205251
47.37772176530159
107.99480359070915
75.96563165037163
58.53555444726034
88.5173870228311
103.2921281637058
106.43178654333293
51.49853385395498
16.374359391067255
82.33682910951302
62.79274685496654
88.26437900654346
140.25757392779408
112.24378428289971
111.7467452130383
83.63554720540957
79.06602187952036
80.021314194019
76.22673619906219
120.99406406620359
32.98625916046513
87.35530695515473
94.85594916802248
50.71586212993276
97.46506991107623
103.35277279261364
80.2897889500615
101.23734671802204
69.40108868009501
86.38567704487511
89.89906850408664
100.01597257528984
96.43123061730276
97.4089950243286
113.92703717472963
100.36897008699177
102.33572817388249
93.67480788842094
44.206999994232284
81.83474424248863
13.288294581711732
109.42401933929027
32.20481655863238
58.24445367855513
61.82754899090815
64.887546735964
26.670546363481982
18.924042138883365
87.24102326065729
53.50912867392425
99.89870711302457
62.36608578678296
19.094387370957836
90.03787659448851
86.32660723859563
116.06165192937354
73.06766142337698
103.6075564582191
80.91792468347305
86.75836105111796
104.56007212534485
101.35790175907316
99.40630895297018
78.25119500676239
78.3754427085695
39.62680289242923
98.33556162774354
101.43905879275522
45.2756136672021
96.95851016578935
161.9626703375673
34.739254795291394
99.12525461568148
97.76525976820899
105.67074788437682
89.26840191500642
67.5649396856183
110.5744427788582
75.49345728795215
88.50220153886366
64.96454149537146
83.88103415865531
93.80141227517045
86.86414292781329
96.13883049906636
74.85642343344335
53.761192009047996
45.05487603665674
50.05723440782522
72.51656366552686
90.66001834085905
98.74637419983966
82.804340169912
72.93416179560495
106.17405388248515
95.78952877288246
70.40902814422833
102.98527391686139
68.11818710792484
79.56841796725564
99.9076832650213
47.84349255806
84.90326242607644
85.55164077126776
78.17824253412023
65.31141003713809
60.1156731467444
13.166194837406255
21.941678815299223
48.763399623764954
90.02409632705157
