-1314.5207503720217
-1218.4861231867299
-1207.0342197759628
-1280.4986691245447
-1206.9079661810724
-1239.849826392558
-1284.366785758231
-1198.1112770143686
-1200.6203872748124
-1196.862746400779
-1300.5876054287512
-1271.6913461396002
-1115.3209145375156
-1241.6908158284268
-1220.6432245626506
-1228.2210057137606
-1165.0580235400432
-1316.2836829183836
-1274.4299371155275
-1225.852876431682
-1167.6891496642936
-1200.7420361544919
-1346.4248039647587
-1258.7777611185481
-1319.639619114059
-1251.6159631409837
-1287.2527239376898
-1308.1356963884348
-1242.3247443231198
-1264.6488937796107
-1229.397782912844
-1278.4299066780698
-1339.9464319389022
-1257.1145444519436
-1347.3228486000803
-1254.0043286829207
-1282.2934178419628
-1209.2403445078355
-1404.5756638880287
-1240.932468515985
-1279.9509964359477
-1288.627391239425
-1166.9538110022847
-1137.4600576630066
-1272.1720286093157
-1322.3909322745064
-1278.1382148166201
-1280.2931115876638
-1214.9503500943333
-1307.0470151559475
-1160.337502887135
-1273.8323681287056
-1213.3601782572387
-1293.5428921529567
-1280.180311710043
-1218.3809623487982
-1126.3866108235584
-1307.8808094480778
-1261.5320963777315
-1078.319625086126
-1215.449235893529
-1278.2129011931647
-1371.877225291863
-1302.3674760024064
-1292.9211704927961
-1312.858661340352
-1269.174615940589
-1347.529928417259
-1243.6845276454646
-1212.349860795696
-1259.4721966102486
-1037.4496494414348
-1328.1385631512105
-1195.9053036910843
-1256.7972832449088
-1308.5159326095397
-1211.9955053059741
-1292.713563668481
-1268.2324546680043
-1198.2588577846739
-1211.2213013526841
-1198.2089064048075
-1281.1357631531898
-1334.8559104322278
-1301.3472365820128
-1131.0893180915666
-1279.4059364330117
-1269.9712527392264
-1331.7592756519666
-1233.1915772037253
-1317.3028538549204
-1310.5967247171752
-1303.9785154266222
-1369.3169922516772
-1314.870130413498
-1240.2813820896824
-1181.2736512742933
-1240.857162011484
-1289.0453471873727
-1229.6786535090262
-1288.88252386092
-1255.7322415467738
-1259.3828881411555
-1184.4248569106917
-1196.9528940721627
-1333.4002838572549
-1284.7893280684987
-1166.246565237164
-1234.6281556664364
-1321.2697344746985
-1288.35711397482
-1163.7955013117046
-1315.9156337217378
-1217.438809694727
-1292.0167576758643
-1112.0591447716815
-1205.0688494535211
-1262.4538152894318
-1128.4543445746388
-1297.2653586728577
-1055.7743623076894
-1213.2833725404637
-1271.010808975542
-1275.0954306450053
-1282.6090344911902
-1330.8088138000026
-1262.537442917558
-1236.219632332849
-1174.0973771756255
-1192.051000523054
-1302.0399129312984
-1282.0337611465302
-1355.2985030662958
-1234.1930531934731
-1261.0219455064641
-1288.8044771123743
-1315.3157622970934
-1298.1320624586845
-1228.1490086866813
-1286.8681573374354
-1307.7841809934816
-1246.5664592438495
-1243.0881274361063
-1246.6440113425006
-1299.4050929709267
-1316.3953759268059
-1285.3347510528913
-1230.9094997178556
-1312.3237732667212
-1223.883903301362
-1344.6188901662194
-1244.3893857150144
-1255.8466096698348
-1242.1982553027765
-1254.3988952494494
-1263.851309056093
-1139.9011793772333
-1266.5557419903419
-1298.9196787043309
-1298.4411394679873
-1308.1182357859598
-1267.127877793758
-1330.0623943114547
-1317.9165033776553
-1263.0965348879313
-1308.5022875748652
-1292.422800789371
-1316.975013103931
-1297.8358120546636
-1248.9438020153707
-1308.446304028454
-1265.080612803743
-1311.982177809082
-1262.4111542550495
-1215.0600954698198
-1278.7208242765514
-1240.5612423517566
-1288.786176530895
-1196.3775357691336
-1186.426846932057
-1183.4612042548417
-1055.796048413424
-1199.9278207106295
-1377.6458914303155
-1274.8363847893036
-1087.9259835781052
-1353.5662900839732
-1232.7027902427415
-1243.9441396407033
-1340.1395204808587
-1329.6393347654678
-1223.3344705334578
-1301.9979994847076
-1330.2224906181752
-1185.0290661918136
-1066.3198418236834
-1297.133500586283
-1336.162122515994
-1241.7547757094242
-1230.1732947505513
-1261.581864307491
-1176.0058520324826
-1226.2483463724286
-1217.4433562143624
-1332.994762608189
-1327.7616847272525
-1286.4683759952761
-1247.419992796972
-958.9335774852958
-1207.7992852586815
-1199.9716639730577
-1318.6185322459635
-1295.1762100078568
-1174.975832974569
-1241.2509036310037
-1286.4846421152333
-1350.5212755267328
-1283.309488882643
-1302.8849466269908
-1217.359659325493
-1181.4867818885102
-1182.4188280106573
-1355.7801336155114
-1196.425975776091
-1340.6691306523785
-1092.2633767522534
-1234.701092032238
-1242.6559870896403
-1301.7797148592813
-1210.5551401127768
-1217.0403293650334
-984.6154967598909
-1201.5587190203403
-1267.6411215385858
-1261.056549026238
-1258.3002722801323
-1134.963048631437
-1187.4682288402844
-1227.2655742673744
-1234.1946124776573
-1312.1990170980007
-1276.880117377582
-1077.0030698437297
-1237.4649815907057
-1193.8957922158013
-1339.3647040735948
-1354.9104255071281
-1272.1766143150253
-1292.0522334104785
-1304.3845654750912
-1351.111500763724
-1257.3127164805856
-1251.6596503956341
-1285.037483196689
-1261.845319215466
-1226.0690830161432
-1169.486963694802
-1281.3424532239846
-1370.596087194866
-1053.8207584362108
-1288.3480004960045
-1216.4097312417398
-1255.7088034161393
-1280.2714361093242
-1303.9387836798157
-1239.7291274034633
-1295.3262361343732
-1309.8262920714062
-1378.289884635294
-1317.6355186809387
-1169.908834148217
-1163.4199484962037
-1346.5802161243855
-1391.7889761654133
-1332.779113412869
-1219.720975268364
-1210.3090213671362
-1182.8350860895985
-1390.324417447153
-1322.6949780320945
-1243.127353180245
-1272.1804424011593
-1202.8847804622424
-1180.1517869727122
-1216.9599785158225
-1310.047742741017
-1279.4900368414599
-1277.7290338558962
-1235.6718873468667
-1283.0476769139682
-1235.7681855529863
-1205.297781943769
-1339.8299731779532
-1260.9310176807976
-1335.8722732795125
-1198.4444998835727
-1100.6083832583788
-1313.004458413746
-1319.9728201696328
-1255.1855198260553
