1001
1173
1202
1426
1037
1321
1226
1413
1135
1397
1157
906
1627
1299
1257
902
1187
1150
1159
1186
1205
1227
1360
1077
1282
1110
1309
1154
1175
1241
1363
1481
946
1449
1278
1304
1272
1272
1113
1204
1283
1467
1105
1244
1152
1270
1114
1295
1510
1305
1245
972
1035
1303
954
1497
1473
1281
1149
1233
1371
1173
1405
1388
1515
1291
1178
1115
1349
1315
1295
1324
1185
1104
1102
1151
1400
1196
1229
1365
1342
1274
1320
1123
1353
1580
1415
1284
1206
750
1082
1203
1452
1198
1243
1208
1345
1267
1116
1207
1304
896
1192
1002
1448
1312
1410
1435
1019
1334
1166
760
1384
1176
1406
1242
1239
1338
1312
799
2440
1130
1259
1196
1149
1327
1162
1149
1248
1288
1087
1311
1044
1237
1103
1269
1334
1256
1248
1114
851
1009
903
1185
1041
1276
1394
1452
1129
1271
1095
1178
1363
1317
1197
1260
1048
1207
1252
1222
1355
1313
1053
1297
1202
1164
1260
700
1408
1143
1113
1119
966
902
1233
1030
1251
1433
1199
1497
1090
1130
1426
1087
1192
1209
1291
1039
1306
1043
1407
1171
1188
1279
1346
1370
1223
760
1256
1042
1224
2153
1481
1415
1213
1170
1320
1246
1438
855
1281
1399
1050
1340
1366
1249
1296
1185
1355
1346
1299
1445
1333
1474
1348
1290
1414
1172
1088
606
1368
819
1204
1116
1208
810
839
1113
1186
1303
1092
828
1465
1326
1502
1286
1453
1157
1147
1318
1313
1196
1124
1185
911
1311
1355
1079
1302
2450
951
1290
1334
1370
1243
1175
1349
1188
1311
977
1087
1373
1322
1354
1130
1166
1193
1118
1151
1186
1308
1286
1341
1378
1588
1229
1381
1144
1360
1340
1195
1263
1183
1195
1168
1223
533
818
906
1169
