-1041.9196570774602
-1251.532636137542
-1106.4114386704987
-1314.590323051518
-1294.7055146850273
-1264.2661211331101
-1213.689539545612
-1271.4821368620578
-1126.6040670862315
-1282.0727445908171
-1374.878051010109
-1301.1252657323596
-1117.225650657397
-1273.0954065149206
-1300.7291117802827
-1220.0725963142715
-1243.2671973557751
-1192.636307825938
-1294.5344664905035
-1332.2160037602946
-1293.5319838417663
-1265.9197494411983
-1318.0084687637157
-1262.8267778469503
-1359.7494614975722
-1243.2453790517832
-1291.561895121767
-1170.1523594885414
-958.0465105356215
-1259.2295474579057
-1191.0726648510026
-1232.6401446636455
-1299.2792823032319
-1253.4722686672596
-1252.6321770118184
-1141.8717615042476
-1095.1026220239721
-1289.6159409255843
-1253.4225963042875
-1238.121120595711
-1158.945793600517
-1174.3955370359631
-1246.9871381440903
-1214.124828256059
-1225.6850928120443
-1110.618360141984
-1211.5256996011021
-1141.5754339544285
-1209.0337814783313
-1266.8513112825085
-1273.908176620607
-1217.9177263525125
-1228.81624224181
-1228.3957016892236
-1260.2118742126565
-1307.3156278213269
-1289.396243954194
-1249.7333387611607
-1311.8092928180079
-1321.7761830973761
-1121.9565072270925
-1273.9746745453638
-1226.814140738844
-1257.7747693994459
-1308.092892401363
-1202.0818503272806
-1234.8336115966076
-1261.7790709765607
-1163.4853788253242
-1244.1589854113681
-1228.113688715897
-1156.2390333746519
-1261.0971268818555
-1293.6250467040525
-1307.2744272005355
-1274.3104641927816
-1104.9845743302608
-1317.637417174156
-1230.0953668689021
-1257.7457567946938
-1183.2217005512812
-1263.5379171917343
-1186.7552462474598
-1207.7839553650908
-1269.7046110108713
-1287.9819254044723
-1240.998528125102
-1354.648095762797
-1222.4721114830113
-1115.5449455474497
-1200.628421996712
-1200.5097653603386
-1288.8424994202362
-1180.5240332739452
-1293.1127114109556
-1242.2719874728725
-1304.4447427998336
-1246.8373498482263
-1294.9468820984448
-1135.958249442059
-1204.4074797681844
-1373.0058466197856
-1238.024508668611
-1290.4717017112594
-1302.5529207224051
-1181.082080552658
-1359.8437429153082
-1274.7322383142885
-1340.1896648386646
-1357.610940264106
-1052.4404576394684
-1259.7279575145076
-1223.7014779432607
-1203.944985452039
-1182.4940523096798
-1390.1927334417426
-1323.8526864726725
-1272.597786280172
-1329.1860325903244
-1089.9016132103172
-1214.0424662367673
-1229.0866632160087
-1232.4974876568367
-1281.0010557597282
-1330.320266938503
-1269.236175106846
-1100.8701583981658
-1323.1088467053385
-1069.9153199045397
-1258.189555317393
-1352.6968045416286
-1270.2760244258852
-1323.3201854031563
-1274.8467290881083
-1228.9659475904107
-1085.5757590449953
-1194.0288817681112
-1271.372474856888
-1311.3571282732382
-1143.0906962509277
-1301.1547512018062
-1294.6394847827632
-1265.9504057998697
-1216.8870927130758
-1237.970394010935
-1300.7733616989274
-1304.9723253837894
-1231.3561786908983
-1137.2666833344351
-1271.7666768897705
-1306.0901016528742
-1131.273250661747
-1191.7779705213613
-1243.9466448244805
-1244.4179931384033
-1269.0954162533894
-1079.7254178135663
-1154.7263747119903
-1357.359601262308
-1340.71067499854
-1200.8250148062077
-1149.594418978907
-1292.9935418531595
-1282.1073904178852
-1317.8504158888545
-1107.8023492706286
-1153.1884618974061
-1265.4798888202463
-1197.4408073013278
-1345.5250109930703
-1300.3103719951582
-1161.672869016092
-1112.49812179058
-1156.6771380295081
-1144.4843167768997
-1142.0797209140558
-1384.8388018147275
-1380.9573885483946
-1161.028790920373
-1145.3976127979965
-1286.1944771187723
-1101.5074776176941
-968.9982822709898
-1276.3758169653952
-1235.9026437416642
-1153.3014543512334
-1220.6867660355276
-1333.207213817999
-1207.634675433956
-1316.0237835956646
-1002.67391397973
-1229.793338576832
-1183.1420152414553
-1187.8309541847516
-1216.5177898134518
-1179.6360489412773
-1318.1616897545964
-1189.6608189194578
-1294.192981002614
-1224.9565493295604
