154.92717635266573
51.441631664316816
123.06466093258825
23.638188609710852
55.01312627150192
141.4310422569297
29.6121701729767
35.671923492351695
61.39447205117461
63.49407461701173
114.6011925974347
137.84130210655903
87.65996428725803
42.62325686487349
102.00952510536086
64.31516882522415
52.191872224313194
69.37070336066016
108.83490107013182
121.56919600275171
101.46991025317493
98.92386765705731
116.39927735880319
34.58367659332006
109.49057410633833
124.36480352289017
137.1851300735168
117.60969950424773
104.0593703390023
62.74991796960552
128.0637285350336
62.654145583939396
47.82025352242463
91.67017510399155
70.49099516484034
74.93657274375379
34.80293047939103
69.0787057456515
51.02790308500698
32.13094652573336
100.65711364787238
112.86903386366953
63.26941461568861
66.39736166948707
51.71686877941236
128.59566597764933
71.47695868536864
131.72371529847575
26.704602442718848
127.90699968330799
40.38881497207106
40.428026046821024
65.14833812555838
103.18463086500124
136.26217633979658
145.23558610093875
45.12803001695008
131.91611027741732
32.0419560777359
26.474486235820812
114.88719687000682
130.74015212971125
63.26254535154203
22.690020573500384
40.74094382161497
44.3720960061939
24.028684132636794
50.038644154433115
67.53573493355222
53.736370697614625
39.970803612684655
63.54039547699137
50.05001985989434
13.939076929991197
114.41359691095394
44.193078631380324
91.92423715970634
84.65919346914289
57.96658700878057
63.341563973889805
43.82561505620844
63.7309649226016
53.116529971670325
57.21390008510469
59.24075954855726
23.775266641481224
33.16692743048993
39.429173466908786
78.57389836634401
192.412667519036
117.79707727554378
40.03298635779993
17.321757417781658
118.67678454041678
138.4443254434643
105.59692094982526
96.04953703896136
117.60573500364863
123.97539780579085
162.2813274998636
132.25851448660595
118.24496436151124
25.850077199904256
40.20851589541702
17.81232944574828
119.56661747137265
104.2765162196544
119.26551208204717
26.646917858281363
45.257564062793556
131.81208984568715
138.3671662026774
96.55072808658528
84.69881288476188
126.06209881513873
102.83226811364315
117.90217417063359
33.970052584953585
136.03472819042594
113.17677173897837
118.02973381908033
98.0122176741365
129.62961023555144
123.85704821590069
24.62368683779652
41.8422603141004
36.426550423848326
118.108416807799
81.433056148814
132.30778820503448
120.89967574515505
32.57943566495541
19.73770189967545
105.81153738023878
128.84376947384973
15.820010805330142
34.68471551773352
118.50306679415888
98.78717210828323
125.67919185302493
117.31955009056735
69.96490048862408
82.61539081998885
52.724061625513244
47.0779750852577
124.98833792290012
144.4609974257407
128.40643247141244
128.2185385466529
134.10812434324706
125.22134761093317
79.38677703716284
126.1732478560494
111.31558942803788
121.03377214203847
130.8813543717655
131.3232220283865
189.1190382152834
144.46962574714215
117.06261989419396
86.1446819155154
124.01822674387313
136.4568032610287
81.3192369370307
131.52267817383336
120.20975706290317
132.8277090544077
44.46196517055559
122.07250834469426
116.30245114685856
129.1379014053931
121.36704878973185
131.89785429770458
91.23940337650093
100.31093611138168
71.47608757151119
136.41642582130635
137.33117868239148
137.84112222544735
126.36456976064815
63.04666923745718
39.31669866197548
160.92613214947136
83.27771705731834
31.54185761812455
161.22995746078632
125.70109521768495
148.95759222211652
143.62844793953036
106.22270876093498
92.55552668010141
136.60321325619108
86.05731856714851
128.75794471991213
113.31004878964168
117.18534511751992
113.62939474476605
78.74957798581518
136.3001259579512
98.78389445491109
