-952.9226646390629
-1280.012767168879
-1207.6356653039818
-1277.147078991805
-1244.8058116570696
-1332.9747287670878
-1307.2516099104473
-1243.1284562616408
-1249.347530839343
-1195.18000838212
-1304.8291716996403
-1234.6780662615308
-1084.1917037968528
-1243.8207527553977
-1285.17459636924
-1186.8481281401462
-1236.5560594830074
-1213.1841259954929
-1350.508273624386
-1299.9984426487836
-1213.093052887961
-1286.9913339095265
-1292.9591815560336
-1276.773778878075
-1320.9035476169863
-1203.0445075191187
-1272.556828902314
-1239.8065631406125
-1170.202762736309
-1318.099601466732
-1277.3490099403098
-1221.810532985119
-1284.6057962577383
-1207.4463167123824
-1210.1799963751569
-1114.2793233979316
-1049.6492582043484
-1241.4372320972818
-1187.4194858748497
-1275.6483403925224
-1081.414842649458
-1287.487555898341
-1267.5681640942494
-1155.814944486852
-1209.5997172216194
-1221.74618998427
-1243.4476583618775
-1213.0368828443452
-1221.5711158269485
-1236.510592804782
-1289.2637322397386
-1219.349269143833
-1237.4787428345749
-1333.4652211263565
-1401.0326317061306
-1315.6908144587148
-1211.6106123498805
-1180.3195124098181
-1284.153814616651
-1280.7322140824658
-1212.5646557440778
-1280.735543056629
-1217.3594485177537
-1246.9836574831777
-1283.9523062241576
-1164.9715880308638
-1215.3260178252738
-1264.4994195542354
-1166.9356119439738
-1213.008684488758
-1271.2771084548147
-1167.7116111349612
-1267.0512261759961
-1300.2605920633878
-1295.9692308924105
-1183.732766026924
-1068.0149986255415
-1207.570236748957
-1264.5609972555637
-1245.6535506683747
-1160.7757507328704
-1243.372876856488
-1199.8593055803742
-1199.711364378837
-1281.3372749682937
-1247.46260734201
-1289.7604384857045
-1337.2323510289239
-1230.9072693937796
-1098.6980783934262
-1199.7893282112298
-1172.2278358400135
-1236.4175932096803
-1298.0024111510725
-1299.3095673866778
-1132.7201371158053
-1298.2054273376054
-1240.0270091689529
-1114.3292251441744
-1167.690588414069
-1103.2381389933287
-1275.2305451830312
-1225.5186328095858
-1252.9031831489979
-1282.1699749385234
-1112.522647794643
-1157.7956549011749
-1372.1542671585364
-1300.4809664184486
-1275.822202937316
-1322.708976432153
-1298.5511776654782
-1349.3245911841875
-1277.0714203693676
-1312.999444244135
-957.6193765229674
-1199.8067138722345
-1270.8265250857123
-1362.9619373198473
-1371.74441384604
-1218.3788651440327
-1198.9451235436086
-1262.6966817842037
-1181.471724243103
-1221.768855102298
-1241.4994893224523
-1136.423664625128
-1265.154302548586
-1198.3082953348214
-1325.185527326549
-1173.2259765152014
-1310.0609125404096
-1218.5944562462341
-1338.1619794386359
-1209.8928151276696
-1108.2460091317737
-1190.1792626526885
-1313.4503870972965
-1364.8089189444343
-1231.7409177404154
-1195.4200083633323
-1219.7291150374701
-1262.520194027053
-1225.814743456178
-1240.0511106449972
-1170.2462527290472
-1298.1932851816118
-1336.3766307836893
-1315.0704352210355
-1170.784204717032
-1293.6344984741575
-1201.556191792588
-1337.0396195584087
-1361.5925606254596
-1360.882242481268
-1356.673343613518
-988.9763872835815
-1311.9996785092485
-1266.5030720641596
-1160.2936123493887
-1358.9086598349709
-1258.3429815011557
-1325.810713034957
-1186.96660174158
-991.4301512357666
-1209.0327455518732
-1109.0506272764592
-1231.1013419337232
-1089.5043202938423
-1284.199750444128
-1253.0667621029586
-1150.940175253105
-1076.9411567199213
-1174.1434831367671
-1291.890310543251
-1210.6926116737418
-1389.9501224126616
-1196.817234588187
-1340.1805447653312
-1026.836518668632
-1345.2122528377545
-1135.0288712393995
-962.3313860451145
-1144.1322463904228
-1298.4764810838944
-1205.8739201511892
-1229.3255392297822
-1157.4047184409455
-1060.9797161532717
-1329.1791608888266
-939.186411075221
-1180.618078430329
-1085.1216364321597
-1206.73254893996
-1254.0552861299047
-1214.8447676253154
-1316.9969880443996
-1182.0465262518987
-1345.0681696349882
-1108.0061606909496
