154.43692245935753
49.259697024813775
119.65300983757035
35.76991181925777
54.57470811022864
107.60572910289063
29.089497313730792
36.240944843254425
61.67515101699053
84.44176323563345
116.8758385944318
124.42668442525995
93.00765745296805
62.354697981796235
110.69969653000601
65.54477261453398
56.05683286789141
63.21525517820451
117.17869034272256
106.49115198021342
96.99669141347636
112.57736393767038
117.28345839188022
35.95776104938889
109.89005641114025
148.274729215806
113.72064606223002
105.47009160949848
128.8716919391413
51.841388495424766
126.90777436072852
65.3959412886166
45.26898463892833
112.36456482977452
74.01022276423213
72.6096450624088
33.17952006298233
64.45928057879046
46.62285240915263
33.36016782116499
117.62430637220729
79.94466157825353
56.226121488967294
72.86820867804612
52.987966859342755
115.35584715967393
70.82969725833257
139.36895055460138
31.727484530206546
122.02959628615216
39.15506910620309
37.506239289719296
63.13343325395983
99.04369025176318
144.19583389026803
189.56164518369286
42.58264461188694
125.11786740049943
34.43981592787551
23.616848190303635
112.6832186480999
114.14023825890098
61.35971671895891
24.09280595625582
42.3525906609922
41.03556394375603
21.387925114026185
47.98816010255687
74.38353558338878
52.22231314767205
34.557418232046906
109.34755869938253
51.5034368679941
14.19888155617588
114.82344857212236
44.2544151785395
116.93778698131817
81.40353381013003
55.31502412826558
65.9984116109367
45.705562397320534
60.38599089309693
54.01688016984157
47.84816190822999
55.046267586714805
20.91907238033538
29.31489869787999
36.24681231017948
76.83536639880712
200.79626863948423
110.23073122613131
41.6781398998798
17.34977803727325
104.63648983160675
117.16876639397427
88.74364539885066
123.59265383870293
119.93633632144991
125.72505210665167
162.90651146909417
135.3381777396509
141.10473852983523
26.145148164891868
52.88052973489487
19.46506895247001
110.07272304343242
109.05688317810109
97.21771046136355
15.567288324599806
121.7507378574814
120.32156119042132
136.6315214814654
128.926340012366
73.34843597656403
129.2005551411537
106.26958960359977
124.19580717849438
38.66860694107262
99.80477240753414
128.59288327889232
117.99855162916187
108.6315807344365
176.6478633861185
125.74733420003832
122.40473506007501
69.89595647928452
38.34369066771695
129.84227551450232
86.72741940378069
65.50943774881688
116.19406769942253
31.654287328743404
22.362076162990633
124.60831929394611
135.36438530957616
15.983876975119372
35.29712673035385
138.02934461319208
101.7815569302661
126.60887369230787
122.3574232212987
68.76422886601435
84.62564093810248
55.021100574715646
48.97003975087413
118.60567448056464
139.20223961955432
124.12697657483973
125.15148096196427
117.59364580552374
66.39072297648234
85.40263219739828
128.25222782765414
110.48086687585494
116.68120689689722
106.8737175292385
126.14570433576212
135.27809329444023
128.51939191710636
82.73116473271205
121.51850839107256
142.15409198069278
120.69554302231717
90.77817914397441
115.02026639815202
119.77047413614675
125.43431919916097
108.23124780117017
116.41267750231486
134.30892390887263
116.66549632832428
109.08352079491675
137.964363206921
80.73164467028552
98.46955908035127
67.12951271570613
106.3679746523311
134.03784997734573
121.17369364287535
154.06625651792854
72.31221917169037
36.61560031728856
160.59403887606626
116.79742023860986
25.323701927538263
164.28320038523304
130.69036698929264
98.42557394484149
126.60734968761963
86.96096040877099
104.43567229224588
122.38042748851359
86.11305176199373
119.27731018798661
113.46634874724913
110.37601651175832
109.03417980763345
66.07169382141753
128.80715200159548
97.35422885270069
