1907
1653
1649
1208
1791
1704
1172
1327
2071
1752
1881
1703
2118
1374
1715
1945
1338
1475
1773
1816
1943
1864
1726
1358
1816
2400
1983
2106
1630
1509
1972
1663
1484
1566
1662
1677
1412
1514
1199
1216
2353
1823
1654
1520
1449
2304
1725
1694
1347
1883
1515
1471
1423
1850
1544
1811
1517
1617
1372
1107
1530
1421
1320
1275
1271
1360
904
1329
2376
1511
1187
1703
1364
968
1721
1523
1656
1643
1499
1523
1380
1372
1458
1267
1473
993
1159
1095
1581
3352
1670
1462
1054
1507
1882
1618
1563
1888
1843
1876
1906
1677
1213
1265
925
1664
1749
1740
1036
1741
1758
1619
1704
1651
2399
1678
1620
1234
2075
1611
1714
1852
1581
1695
1819
1528
1115
2030
1658
1643
1581
1173
1132
1650
1684
822
1244
1371
1798
1983
1516
1506
1709
1718
1561
1874
1767
1657
1789
1842
1707
1735
1683
1736
1558
1721
1894
1980
1619
1722
1717
1692
1703
1811
1668
1774
1737
2035
1787
1767
1654
1696
1890
1851
1871
1967
1883
2057
1725
1646
1727
1242
2832
1521
1125
1957
1652
1893
1610
1657
2190
2611
1491
2022
1428
1535
1731
1543
1707
1635
