1874
1509
1790
1258
1781
1782
1207
1258
1766
1613
1633
1979
2061
1279
1621
1708
1477
1710
1718
1701
1510
1923
1198
1341
1682
1945
1531
1851
1862
1541
1649
1716
1506
1828
1760
1797
1436
1562
1198
1284
2384
1800
1631
1514
1505
2145
1496
1771
1298
1762
1348
1500
1432
1710
1736
1827
1562
1870
1229
1077
1751
1665
1388
1175
1352
1439
909
1208
2763
1637
1287
1637
1369
866
1720
1572
1478
1644
1619
1711
1369
1474
1422
1219
1526
916
1128
1149
1671
3371
1768
1411
1027
1395
1761
1480
1596
1931
1689
1930
1668
1728
1132
1263
1026
1638
1628
1676
1011
1694
1681
1818
1782
1715
1778
1940
1812
1178
1956
1868
1771
1818
1756
1518
2170
1831
1062
1703
1687
1772
1565
1320
1185
1770
1816
828
1230
1696
1711
1812
1908
1627
1606
1527
1806
1818
1720
1805
1610
1770
1600
1703
1955
1858
1779
1856
1708
2045
1981
1779
1821
1789
1769
1900
1771
1706
1998
1556
1724
1655
1979
1435
1724
1734
1680
1840
1614
2146
1631
1646
1780
1276
2890
1506
1274
1983
1761
1811
1907
1691
2292
1668
1507
1810
1698
1726
1929
1816
1702
1477
