162.85895637018788
50.01021852881537
120.1178159797512
31.837200797365096
66.8446297408487
119.35504213740658
29.845834195878766
36.65526972394229
68.86448969569445
94.02031715032095
114.97791716544543
120.44580660375698
90.30330372779773
53.94891878369017
107.19344622435166
80.93076056895836
60.72746578131659
79.68205159666682
116.20102022489601
108.72046523970363
90.62872641475242
126.65935930197705
52.30355702393782
38.19931586868637
101.74485608331338
113.87285780003808
105.74244690074295
123.339390666353
131.49426390513287
63.895609045223594
113.64306585908228
68.998778618491
49.47836452681498
121.47154152445368
77.75013830884214
76.42417111451752
31.62223256419388
72.34697751741736
48.704652335832066
37.42761213571388
121.80942981550484
102.91602612588602
58.890054741170765
74.89633350561196
63.700007368285064
131.9175984660302
72.89862714162736
118.9483100220134
30.70994140175695
123.02127237493185
32.63313498512866
36.9297773418618
62.18018979870538
108.35656813534457
121.4318982372254
116.87476989288459
53.62040583991191
125.44960046030589
34.308499692589926
20.03665001887643
119.96606055848379
99.51233885405766
63.319466159205064
26.249297712657253
46.02528227802982
37.23888002934302
21.029213217702537
49.580254601674284
129.55255927115786
59.83763952945579
42.806645750069244
73.50255074504474
52.237747508090735
13.586954265456383
116.32073206454204
57.364527605147885
97.80595231468843
93.4784311220921
55.13938389118647
70.53012223683703
45.3311482000883
58.437051277040354
47.15658294960958
42.89939364748581
70.2553733591249
19.547283348244562
25.676170106443433
41.80990899225271
82.58149240022406
197.22766687634893
127.41745986937292
44.940338384053206
19.09081955462513
82.77721150702901
117.61711041730736
87.56448372600731
102.39218793365248
135.79804946722393
91.42828120552763
163.0964285217944
112.02597229058446
117.02633226675835
24.407890337978
57.84917900702768
24.319226379696488
114.4751047305302
111.19219566651087
117.50673140337284
17.04393032388704
106.62795910923714
124.77042004069813
112.13686833450068
117.75927102871519
84.18915523150511
121.40443972136345
134.65214804378655
126.37966590819826
40.4829419645218
125.91286162849217
125.45053053080166
127.30622698287317
111.32499936800401
113.60756069723956
98.3936813896202
141.1425729535527
105.78726942718079
38.991296540798025
106.06680131192519
102.6492498315627
115.3947194600134
111.65147685484837
33.82328461726975
26.977042756025366
123.97074933320205
127.11292942130979
15.426486130418956
34.99081591194065
116.37942696016961
119.94285317561503
121.86435596746236
117.20764242490638
82.3279247034205
85.95721482960882
60.71878454885057
70.51314100488537
114.48305000230576
118.6001615589936
122.12505974458168
117.06928172928912
130.9145008026638
113.79738892345546
83.20037125978662
134.12235497978398
133.74370335262083
101.33128389124396
118.70412839722404
128.18952915916984
142.3380581961222
138.27944153364987
105.4996889704028
120.18787600115685
136.5688415480095
123.32450511356001
93.24220603508077
119.9633663106105
113.769113091463
139.0545974518567
102.19379988963846
118.33030684798817
109.57356342629828
128.51289287078706
105.5747011947932
131.5919500053559
75.54002662031708
108.7232152336771
71.33073541448842
107.2633597357991
139.51910793384752
121.30083740695457
115.82120321824024
82.84087837491279
38.94978010171247
167.68059910649654
105.7591267799665
28.24683440123752
156.37415766989062
117.37035561516134
112.27738740259724
130.7291970382116
104.72603900142896
115.69133704865769
124.46163267334934
90.513755591154
117.39558516877575
120.62115500561319
111.5183487421828
128.1466238806162
80.27888591067703
123.85560246982274
102.30249560601708
