-1122.515331739381
-1145.9272055559272
-1017.2856214662631
-1277.1945062482928
-1264.8755100656851
-1178.1545085975747
-1261.379795865887
-1278.7970117055272
-1268.141496235763
-1257.594012178652
-1064.9590039268064
-1228.0312604090172
-1101.6606793022102
-1273.912379703452
-1252.2985700669044
-1186.7980859079914
-1227.9180886909537
-1205.3063199798141
-1269.8511519247195
-1159.4253351445816
-1274.6175118309432
-1221.6456765253974
-1139.3547878325378
-1286.0699852023304
-1009.5954188938274
-1172.2287855513564
-1278.9676527983302
-1168.163763489966
-1223.5745806449586
-1284.7695459312376
-1230.1106868395796
-1232.408148155488
-1243.234932282771
-1211.803160536309
-1255.2558422330637
-1132.922725958643
-1130.1508776516703
-1222.783319691528
-1224.772417788965
-1259.0125771757187
-1119.341615241484
-1186.1599114346702
-1202.1727838755014
-1215.3566382233514
-1244.4067753300435
-1118.2289105207713
-1251.213372636842
-1139.009370092236
-1203.657899365569
-1026.616026971056
-1287.9389970403147
-1219.4967520811033
-1178.2537295195464
-1300.9727232884668
-1315.5838267911988
-1245.7817695810033
-1247.4498273210918
-1159.7155854609978
-1251.301248820543
-1177.949221640694
-1253.6713305130008
-1136.8873483734521
-1218.6199849236582
-1164.1838561690388
-1322.9826943314517
-1188.2636669538044
-1261.1401684518567
-1271.6716545397182
-1190.422006466192
-1254.088876889894
-1229.2429554961805
-1174.3331501674447
-1271.5561007438864
-1304.8929187378833
-1250.1595228201372
-1214.918853798853
-1139.4373153323502
-1204.5275133987286
-1274.4398674083684
-1246.94349165095
-1185.8198398446145
-1286.6752650045835
-1243.1046844673745
-1284.8909564996204
-1245.65241693032
-1215.248708256784
-1288.4746494890658
-1356.7722540880497
-1155.4441819440503
-1080.2294458195695
-1080.2554581915292
-1157.5888626470958
-1245.1712685139846
-1033.0625455500178
-907.1973602681843
-1124.960143155203
-1262.3953750953322
-1189.223666705501
-1140.6040193487572
-1099.606157294998
-1172.5823738738707
-1220.3907762786343
-1270.5329357332473
-1213.516875165686
-1226.5832657607382
-1059.4059742493441
-1170.5425092205032
-1212.875114822607
-1282.0360966176406
-1201.222395988688
-1199.2889699570023
-1037.3309310123648
-1316.1573958477045
-1210.1204592111294
-1165.9801594069072
-1239.470047521632
-1206.6805589238002
-1218.4780892992037
-1314.1435044064863
-1338.8509682010406
-1275.9048558179063
-1167.5820489003163
-922.2316038490729
-1338.8848777659732
-1356.8014614045128
-1291.381190335959
-1175.34446998143
-1189.5635162022377
-1184.5835606535722
-1072.5059525748884
-1299.9862099969596
-1273.7884799752912
-1253.7917958551582
-1050.8949164101193
-1131.6096704835516
-1084.9764327394385
-1203.6841661324233
-1068.5135999173463
-1022.5197150584058
-1271.3067704074929
-1318.8674931319806
-1188.8943230525874
-1215.2860327631283
-1233.7158519306029
-1186.208601044497
-1270.305277093127
-1277.1038848009161
-1163.4844043043827
-1403.2721526925159
-891.6292611199516
-1202.6947953674319
-1142.1922994122338
-1106.296739934992
-1162.1019310508384
-1217.7614706327033
-1315.3645911671124
-1225.7934128133738
-1138.981526328372
-1241.0646520674482
-1097.1243255152128
-1355.4357395057373
-1303.9811121022897
-951.1170484696423
-1185.170681145134
-1108.0254381236568
-1168.8315442967653
-1056.4879305267818
-1066.5110920734237
-1144.2373127745782
-1193.1311721750058
-1232.4267582742666
-1263.518385740356
-1015.5241099208123
-1195.2874894585843
-1170.1858824838657
-1208.790679670153
-1042.5576075456443
-1156.0860303895672
-1018.0216997829866
-1000.3081153639374
-1289.0311433139923
-1169.8202661318219
-975.2099731409022
-1300.5287882475607
-1264.5356102868423
-1087.9303405033559
-1175.797883029699
-1174.0616835651485
-1267.614965675468
-1274.235637415636
-1022.0233631982035
-906.6140598473703
-1148.715035578041
-1105.4387298452
-1021.9467417869848
-1069.924090935824
-977.3139294566337
-1183.6681336919823
-1103.4953176274098
-1149.3717170403831
