1789
1628
1781
1273
1641
1955
1160
1271
1989
1557
1524
2024
2008
1173
1576
1517
1319
1484
1583
1830
1929
1875
1568
1368
1637
2144
2096
1954
1865
1518
1746
1593
1517
1712
1575
1606
1366
1594
1136
1229
2306
1747
1716
1359
1438
2187
1602
1839
1272
1770
1330
1667
1472
1694
2166
2058
1433
1861
1351
1041
1669
1822
1319
1175
1296
1419
959
1276
1605
1375
1134
1691
1422
844
1690
1501
1591
1533
1346
1452
1379
1354
1274
1303
1503
968
1083
1124
1547
3327
1687
1420
1070
1605
1753
1682
1559
1840
1817
1958
1842
1798
1093
1156
967
1685
1700
1666
1099
1620
1972
1769
1807
1820
1822
1902
1693
1397
2029
1833
1775
1776
1727
1841
1284
1476
1041
1697
1618
1801
1835
1329
1091
1473
1786
801
1192
1602
1432
1829
1726
1704
1708
1382
1608
1737
1969
1917
1768
1692
2241
1492
2004
1563
1679
1802
1905
2941
2063
1647
1660
1642
1829
1810
1727
1899
1911
1198
1725
1670
1756
1709
1776
1706
1636
1924
1863
2061
1855
1647
1765
1244
2899
1554
1174
1949
1931
2163
1983
1742
2083
1789
1534
1846
1546
1602
1478
1872
1807
1569
