159.10364795939768
51.677332210907785
121.28244346130772
28.41493198483727
58.96227729213563
121.00369464070577
29.04311916302411
33.87388939024274
61.145861317035
100.34074532159678
116.89465142502432
107.73931002276136
90.83503507972044
51.074363775249175
100.7906206572232
72.89186557525416
59.557291698069285
67.21655523243417
111.0323751803529
105.55713634453673
94.99489535668657
113.78388745519564
117.18594834886676
39.53576959570745
114.05081329945013
134.86979599345295
111.27342972590274
124.69671161991543
121.04288690393247
56.055468942351055
112.36436051809785
67.49252858132837
48.45827907075511
108.68786736385238
71.95280658081506
69.86263592476068
31.749021055451806
70.19127714966457
45.7182657525289
33.29397700662171
114.68174661226341
103.54009372052802
48.643787865262944
76.57260037916929
59.63992238413241
106.58816398061555
78.8207610766589
119.95968183136088
32.074841728116056
123.53127406974069
38.63667912464088
37.9293921858098
63.1143972927741
110.10552570363579
108.68302635257167
104.56485200457776
46.02559280372592
118.76964227840661
36.51323469269631
19.850746949110007
132.30686860177454
110.27239921214458
62.830060853679626
24.638832481788555
41.33037820391845
34.64353147302888
20.861215468496297
51.78835705859941
119.70090575118412
60.14643761732031
35.54703258379471
117.01921676349473
52.650324575110766
16.168877807763536
113.35517828581328
49.27387227417829
113.71494901553768
81.18753192329079
53.45144438559471
71.98338834502513
46.49103407629249
60.141144270124535
48.266238147270904
44.388335332692435
63.722597058306945
21.35138068249068
27.97428359265126
33.48315653561727
81.71581064601307
198.42933936583762
112.73661682087871
47.13514843740101
15.881067036015631
119.14841482274431
128.63992069173992
99.00653840324182
120.91447719139984
126.85128894047723
114.33977496863398
162.45337876221566
135.90050483017404
133.30051224074543
24.386342548934298
53.684757311684216
21.667860118619803
100.18374717446521
126.6112946200199
115.7693348301288
16.693723968706998
124.4301698762183
123.94664854141864
104.94473647044556
102.20754744816773
77.5761682983138
109.22074603680723
113.71000262955285
114.66068996833852
39.77947756903901
103.38443467633766
116.70115565236372
122.46885051024067
113.10691749782079
105.2858582368942
113.71353950753068
126.3044264865582
64.32256248092965
40.20262459084557
106.91116899396323
88.11826278371062
121.48765852477815
129.27094660223142
28.981384155350472
25.9125735606514
118.66096978714079
123.65207090588162
17.238815922532723
33.81773726400075
118.6832209691498
100.74227307355771
119.96335763868159
125.12052664262605
72.56177316621003
85.85210660294781
64.45822392705176
51.50747534643492
117.2395311627946
121.18785006860632
124.9580714396878
122.14008196252652
132.61844701044987
130.0462825845879
90.97640633296571
128.0337601921129
117.84354339612538
110.86807848980885
102.97951317304168
132.94886397625925
147.46893390195933
134.17157403804273
159.25232183851912
104.77552535111569
138.4470976787874
115.75391045391771
90.94120374347081
66.41887162432472
115.82664203775911
122.64458357472483
120.19487338139996
108.93623163687796
126.95942618502022
115.48046526790341
119.31821949566454
134.886748205437
92.69540938779157
107.14709208788142
70.29346351958061
135.09353741271858
134.55922239670278
117.80920906975244
156.53042339340388
77.78486080334254
36.074678767753085
167.7628411307695
105.13566473381644
25.42927778142028
162.9892111929156
130.1738203203965
127.6519484272672
114.81644258710942
105.6688226271638
107.27485121133456
124.31467566009186
84.93063413814724
132.96214150362263
110.07372975621357
117.36069979965616
112.35105807634413
69.93702295215635
108.1147247152345
126.15713568475269
