1825
1506
1890
1336
1711
1771
1185
1283
1822
1556
1649
1718
2137
1380
1707
1553
1304
1385
1776
1637
1681
1776
1661
1302
1908
2368
1702
1909
1826
1432
1909
1661
1513
1799
1670
1699
1411
1661
1161
1336
2380
1580
1533
1533
1359
1896
1569
2040
1328
1688
1407
1560
1479
1606
2032
3113
1481
1718
1311
1134
1859
1559
1314
1223
1287
1405
895
1338
1733
1365
1039
2123
1421
938
1713
1464
1890
1554
1391
1517
1366
1414
1510
1180
1421
939
1095
1163
1476
3475
1668
1437
1034
1563
1633
1475
1886
1898
1816
1893
1874
1904
1109
1220
905
1564
1809
1500
976
1701
1676
1825
1791
1601
1984
1524
1775
1296
1790
1936
1946
1728
2883
1756
1777
1540
1048
1893
1605
1330
1635
1245
1080
1735
1794
806
1160
2082
1828
1859
1721
1494
1736
1370
1551
1588
1976
1713
1660
1709
1519
1705
1838
1599
1863
1698
1775
1985
1902
1631
1637
1857
1779
1866
1666
1763
1799
1573
1717
1792
1673
1489
1907
1770
1695
1871
1693
1886
1792
2249
1776
1253
2864
1760
1136
2042
1797
1887
1747
1857
2242
1645
1503
1710
1596
1585
1746
1622
1676
1445
