-1110.69603732407
-1304.1207432689728
-1227.5031968635278
-1323.5993444381306
-1311.8048410975796
-1308.363548973819
-1274.5784339215074
-1284.5617081448584
-1282.4079497602925
-1337.9926628518804
-1198.3517169004053
-1132.628444770253
-1100.5092558363167
-1245.1281353578756
-1225.0471231197405
-1187.0011812380933
-1235.7608382584488
-1198.1477358543827
-1293.4267166750535
-1341.465870235664
-1258.9591715644892
-1265.717957109221
-1245.4470090186096
-1262.2280484206194
-1347.1890829323077
-1212.9026456665927
-1011.0242640400827
-1242.1702996336292
-1150.096471717763
-1296.8355875003656
-1343.5974712760326
-1231.546077020876
-1259.2827253425153
-1145.8355050051484
-1226.6447077886287
-1149.0527688260172
-1069.6290742863155
-1258.673294180629
-1238.3324225875738
-1245.128877320741
-1041.030201587856
-1234.1090209828544
-1265.203263143691
-1190.3845070783418
-1264.5429223928338
-1181.5846813279054
-1272.5332236918152
-1274.4496400259454
-1210.2299236642862
-1221.356477553518
-1291.6950117690196
-1201.110904602656
-1231.5804572334653
-1301.6522327099678
-1233.5124312662247
-1164.9176323385645
-1232.6760643176299
-1138.558955877424
-1303.640713882889
-1318.8289336459534
-1322.5911989196104
-1196.9554608945275
-1233.398704375438
-1238.699253365317
-1291.1136430912472
-1144.1048748576995
-1261.943381038083
-1266.1330524420168
-1151.688444211928
-1259.898493075095
-1222.72828738403
-1160.9743296438835
-1219.6996433895542
-1328.1396727003669
-1208.274761881697
-1258.9507685220317
-1160.1324262378198
-1185.1326519191498
-1302.337470237103
-1223.2420812650219
-1192.6503962816048
-1288.5176281025897
-1187.8209052392535
-1308.3898644394917
-1223.9708197746738
-1289.687061715448
-1311.4634347054441
-1324.597621573184
-1177.9432550502158
-1100.72857300264
-1197.0630608262238
-1170.1044921895395
-1304.1122537143747
-1221.3470832598534
-1291.0974353068484
-1134.3707120930617
-1236.1549644408801
-1220.961771148459
-1209.9314999405349
-1157.4833019125854
-1077.8623835396354
-1086.894144011703
-1271.4975331474807
-1301.0594849124434
-1302.9234154609396
-1329.5647909475188
-1297.4596113256737
-1180.8334180940199
-1316.6944979018201
-1257.2537978306052
-1178.6974920847736
-1286.5338407663855
-1162.3767201523474
-1215.2297073061145
-1197.6693614038402
-1149.4302179442836
-1255.9927449041156
-1255.103311584539
-1340.221693684662
-1261.2950416184876
-1218.3391406211656
-1258.8415444188645
-1179.0160092365631
-1245.2222845480694
-1282.149117853773
-1268.2234146419612
-1111.6517484887563
-1308.5642846834446
-1197.195612213322
-1016.2368604815276
-1088.8093389224248
-1293.691013811751
-1294.6592886114634
-1223.6490315043393
-958.8681030764697
-1109.0949327403766
-1221.5676093585246
-1315.1198944963842
-1286.844860921678
-1221.0487071894636
-1182.3877644667423
-1199.268968107372
-1212.965097226754
-1199.399850114067
-1221.3078232321323
-963.6374471639783
-1346.8253460143817
-1287.4799080378116
-1222.7537106609857
-1140.3862324811162
-1174.860714646843
-1183.9108641947266
-1365.43436059435
-1068.1566997604468
-1290.4370679629835
-1231.8147699402919
-1087.5158516955778
-1265.005540025052
-1221.9429036370443
-1143.4676550082895
-1354.2370591530162
-1016.779291657369
-1264.6758473035534
-1223.2836892056903
-1130.9354938792942
-1126.8305726795074
-1067.9147285686981
-1298.7835410446523
-1188.7531651362344
-1036.8175684057542
-1163.9202026072915
-1198.4806300853793
-1040.3367931291466
-1148.0952120378734
-1207.8833950731669
-1167.9497301287233
-1274.9626222996
-1109.8606798230442
-1308.4554352610269
-1154.4408422467782
-1279.0722729036938
-1141.586814997427
-1030.101129134194
-1253.1037310112154
-1339.676245250299
-1071.7151129659264
-977.4011248008437
-1133.050548656005
-1114.5856025106161
-1235.171885518637
-987.1132440549569
-986.9932861191853
-1093.6494863211758
-1252.5115915158494
-1155.1140346285463
-1236.8001584863193
-1288.9384421649534
-1166.5381343459517
-1166.0855266537617
-1199.1052859025638
