163.97428196403402
51.362416009368204
113.07275590413886
32.4421751613523
59.25673454130608
105.87342774367106
29.62739746023508
40.697251796371084
97.11909802877918
88.96451741468631
123.4675736126067
108.74652684935036
89.47597273566025
51.154158678539424
108.00735667466529
98.39840290744924
53.8677069669416
72.66740205871655
117.71484553091032
115.66343403108668
97.99696422547267
125.20358623750107
100.25341174717867
41.083723566797374
122.55449811730774
144.46391743583123
129.26577056812025
121.43951509813299
113.55028463976977
60.15072453284719
138.8399808111548
65.04663661522643
50.38691276433518
102.00973178503011
74.39659151533375
72.98985728554685
31.322619561699312
64.10875827337915
46.21950759644075
33.303239326400906
108.77110834806962
114.09828745137384
61.0668259067441
74.61405879805842
57.887298769510274
139.52139634935014
79.34795934899999
117.70292311491366
33.21519360003086
121.36335862882497
39.664975378948384
38.18812527678388
60.9604647935024
120.61531585700587
107.25194537573576
123.28632474103163
44.504537262229974
125.96752486742056
35.73338009800406
20.519378936682166
103.93240293293334
71.92160754774906
61.82986992877459
24.683993296522313
45.605310337646706
35.03659051194806
19.68201624487547
48.79723243384439
107.13029537909932
61.70934745799412
35.90083715410674
72.3842462845548
51.885391963167606
14.919239434800236
117.49586264445827
49.49208628820729
98.16192885524072
93.78331073075938
55.649497106898785
60.60002100864982
44.674641556038566
56.179968339579226
47.37739818880546
45.2324753926333
67.00685245200935
20.310061044040854
29.301429244533303
37.01881408117726
78.46089472343886
194.99211372691133
116.91824612303341
46.71712626406787
18.143856407523753
97.56904741142526
142.3953154660594
108.48249615995164
98.32331352930385
126.37524639354709
108.80173919312693
163.73663976047956
140.42775322898464
112.04413544776777
25.42477327839994
56.25155894567052
23.496060818204953
124.35421994322094
121.3273704667143
118.30795947102713
15.487612896864881
125.61845134170458
123.73370361460498
118.27310747025126
110.49592486994128
82.13549783064
128.37289165394068
121.76357742505334
107.86366613607414
33.58761580557563
124.27080994926092
122.56361283017515
115.58987193291944
106.40098497923415
96.7104219737534
122.43191012219107
121.5681291270627
64.93513614922531
42.00229351926819
128.22460327398335
92.29092097718686
120.75388948210569
112.14275084756672
27.190448366728667
24.99677213017717
113.70293110495146
122.09961052114876
16.8191805916834
35.309084864869845
78.16629867068919
133.33130339202353
137.82654186947775
97.31371646035404
76.28272053277159
81.78336596630666
69.80109942489608
49.743957683891054
133.18155693010618
119.46590043444762
118.53695724222413
127.31011030280027
131.36142527977907
100.9633847100929
84.03838786763505
117.47812541572937
123.58732723742996
102.56337164249666
120.81963160449952
129.7982631423592
118.87172994569579
106.65224797506838
112.42372686285428
120.6212840521307
128.0753888314025
114.85586240682873
94.8917949369317
116.55464319350735
118.00597120547087
122.72654511268061
141.18277150906698
132.85784436589364
102.4290477070457
111.25626083884508
131.5836856080222
136.7552092852982
88.82559613128804
113.00517670603581
74.1504643935441
125.09614303109086
137.31613111242453
128.2457195870753
118.74874516160995
76.25248678873923
39.2635896563938
161.17853335287055
105.20995913045465
28.321159766014482
159.58232243207797
121.7829375700805
117.81755068689087
114.24722406617602
98.11995486233626
106.54242127586136
166.5502488546163
78.37853122978937
139.6213612499842
110.26057938608764
117.93887329793267
102.99208845487155
63.41258912752325
110.84805894162527
111.06881846492287
