1846
1545
1727
1353
1712
1777
1140
1191
1735
1708
1783
1694
2041
1335
1830
1546
1370
1461
1675
1638
1610
1707
1690
1312
1773
2265
1629
1981
1714
1649
1705
1685
1416
1673
1638
1696
1415
1690
1165
1229
2364
1692
1403
1589
1477
1754
1728
1705
1338
1797
1487
1614
1470
1637
1639
1624
1539
1678
1427
1166
1938
1863
1340
1232
1291
1407
898
1414
2540
1542
1139
2214
1422
1006
1598
1528
1772
1649
1455
1752
1417
1501
1398
1255
1457
983
1098
1122
1628
3460
1735
1463
980
1677
1895
1714
1748
1799
1573
1894
1979
2024
1102
1280
1016
1364
1694
1769
1074
1965
2102
1756
1652
1694
1682
1665
1723
1361
1854
1717
1866
1776
1559
1626
1807
1585
1053
1635
1616
1849
1804
1238
1180
1740
1806
811
1229
1782
1403
1749
1854
1563
1608
1671
1614
1587
1788
1720
1870
1954
2044
1852
1790
1800
1813
1597
1779
2076
1943
2412
1544
1915
1584
1773
1425
1705
1654
1721
1523
1779
1519
1701
1832
1872
1727
1971
1958
1880
1697
2345
1808
1243
2875
1441
1172
1992
1863
1926
1528
1798
2193
1750
1469
1892
1614
1702
1856
1666
1666
1674
