-1128.512869963055
-1301.8662884660714
-1157.546662515271
-1321.4793616471688
-1286.516495564417
-1123.305362913791
-1294.9752466351954
-1269.6628482921267
-1249.9239211805718
-1229.471055128907
-1309.8756916639247
-1345.4694254432036
-1145.9038924875988
-1253.5996366237357
-1234.7477101553873
-1203.6559259846315
-1266.9722741005517
-1226.1140093857548
-1281.3546261872646
-1263.5597265943788
-1244.9359079074754
-1204.088629315829
-1236.0224119935035
-1172.503338740598
-1336.5424462027056
-1171.3511413997019
-1212.7493598872995
-1242.3245222413318
-1296.9380818428322
-1321.0738709477407
-882.7120720921238
-1238.2996161313285
-1211.6195042978213
-1081.342218203277
-1183.1221881093077
-1168.0823887694316
-1054.6977151647925
-1272.537098048852
-1200.2080572259274
-1267.3566212471164
-1100.746542043809
-1130.3707492859419
-1322.043807294335
-1238.147361653767
-1236.4281961985
-1158.293393786167
-1297.6772899987495
-1327.6202713814419
-1248.1837240700547
-1263.5306775203576
-1295.7887501518014
-1246.353254192048
-1222.7432304957722
-1247.3493548489785
-1347.8691145736955
-1323.38966268184
-1255.936290056266
-1233.1989332548833
-1306.9466239034427
-1327.8610907531563
-1338.2942066366784
-1334.2750322780457
-1203.5724115156977
-1227.1673093544796
-1276.1391970141262
-1198.280291507194
-1233.2521862705678
-1294.5822893754703
-1155.5307421679888
-1190.5847842113772
-1292.6510123912287
-1147.0610525031877
-1284.239270725427
-1332.3626909759307
-1283.1199729427567
-1270.46723740795
-1142.4720383568033
-1308.87185211858
-1261.4426378127062
-1181.3221840925078
-1176.0702488573636
-1249.9457084193198
-1180.0184607920235
-1278.8269213379929
-1292.1594579599448
-1189.385236314239
-1299.935662934836
-1346.1916161328904
-1239.6854952206083
-1102.9941563954442
-1206.2581132677487
-1117.1044336705233
-1310.4050188268816
-1151.584155212573
-1131.003526851399
-1321.2227306910502
-1388.2385427608742
-1311.9122813204217
-1375.4492217931481
-1054.89863862971
-1219.1143041201822
-1138.2782601864942
-1235.49887726031
-1302.3241875139809
-1283.4462699872142
-1203.9085497005535
-1240.3500529014511
-1305.5350484672952
-1270.3198696559573
-1377.105515878922
-1239.7346006156647
-1287.268356967826
-1327.5844467888994
-1285.5303716024569
-1174.0354774750235
-1360.1941071846898
-1276.7927474778473
-1289.3305785981743
-1275.0265288409341
-1380.3026126297943
-1192.8030911820333
-1281.2538347921632
-1366.6543851679555
-1353.527674969383
-1263.6101387338927
-1260.2797841652527
-1118.3541476496896
-1341.9507533681417
-1286.3557342387567
-1228.188060288039
-1221.0599520489486
-1258.9504300282829
-1253.4156169517369
-1137.2043676867975
-1157.1212492553593
-1106.892825596559
-1212.934214956913
-1270.0974625688348
-1200.595886822877
-1245.0659603520628
-1330.8485564596251
-1299.2261257723962
-1260.2902066521299
-1178.7033541038859
-1116.6200251742882
-1241.9114558311257
-1367.945880259709
-1318.4383209672562
-1285.3180044908106
-1102.7859460862112
-1205.3323012676706
-1188.1727050344891
-1324.3376594248434
-1165.0329085116132
-1354.1662278460492
-1221.4816440261063
-1021.7273355292394
-1327.033452725759
-1188.109410597241
-1293.9852213748272
-1358.6600443386303
-1363.481758982718
-1269.544126608825
-1255.3782902971623
-1283.0076376064574
-1231.5145926194664
-1051.5901634531986
-1362.871949751295
-1265.886173399422
-1243.5738769594602
-1296.4158331530698
-1144.912382915611
-1055.3056694594982
-1180.0223965343916
-1191.1791418272835
-1194.7746173458722
-1293.3765773372388
-1143.7332778971997
-1150.99480701605
-1331.6421249357427
-1249.4813196317486
-1132.903986708243
-987.812634348566
-1280.3852809588527
-1277.5853931226723
-1171.8804317578451
-1284.2751536249252
-1406.2678763476401
-1215.6923073101464
-1284.2838897101742
-1009.9183131360218
-1169.1786400050623
-1085.9442455295668
-1211.3370065424779
-1251.5857800894723
-1364.906785947591
-1274.6967933093292
-1183.316861499912
-1371.0135714302728
-1253.9986738213572
