-1217.138287836613
-1074.1148754984997
-1382.764471148176
-1117.1437076921397
-1331.1718673167354
-1189.0591198763163
-1145.2411830355386
-1207.3035662014029
-1225.8377030904903
-1385.721019236227
-1299.8323503665772
-1296.4061129907009
-1169.0378343837274
-1232.18900091538
-1231.4315794745257
-1115.248670221794
-1354.426109218805
-1122.0019781149351
-1135.7236886059122
-1260.5536043235647
-1184.8334882454944
-1071.08483482063
-1380.5274713585313
-1236.9612957069323
-1271.2906894719486
-1175.8284959476591
-1048.7619726883377
-1254.2560508820452
-1287.6013073987078
-1259.8878232123059
-1102.0808385596808
-1229.4679746672568
-1232.540245039608
-1365.0446744644019
-1256.4558280975666
-1302.511357788757
-1284.606130713717
-1406.419022225109
-1066.329564695221
-1320.824981720354
-1171.6921670139413
-1204.719835234844
-1240.3823542825548
-1154.556224322427
-1140.3744018523669
-1262.4706799537942
-1197.2239708571124
-1235.4368381301365
-1261.16237907008
-1254.0589477345252
-1165.2835069891098
-1097.931737794937
-1323.6976092256016
-1342.8494419399872
-1349.3485349366465
-1272.5455268688615
-1330.5652021708152
-1182.2746728056218
-1112.505188603755
-1328.7842826707606
-1325.3343684952836
-1247.1951470042432
-1148.9475162260412
-1321.5379247667313
-1227.6326305502612
-1190.2517934322052
-1119.420349327134
-1247.6528584974938
-1172.5467703363631
-1386.0564711889022
-1323.9772858571032
-1174.507677141457
-1217.7966048855596
-1309.4977685103045
-1210.6790020503322
-1248.4677403244623
-1202.5979449783952
-1250.1822819113204
-1159.0905974201469
-1209.3492858887594
-1311.9629342162964
-1164.1161374573328
-1308.655459473584
-1323.1140221407486
-1228.9051120044335
-1219.9150334551978
-1183.227343118425
-1130.7907302007354
-1080.0764736180126
-1183.5009291744623
-1073.5405318060623
-1386.8995492581212
-1227.504849242662
-1337.3013843532021
-1223.6767535848612
-1250.456417575071
-1247.116753455432
-1159.9779373551182
-1425.8072280754286
-1316.9507350740446
