-1224.9106777837171
-1223.0391239945432
-1254.792983042737
-1176.8148667206651
-1262.3252292193547
-1211.564055114825
-1242.9605946115448
-1238.5019520608391
-1197.9811923171096
-1366.0599993125127
-1362.3491895088075
-1352.9593231808933
-1136.8594651650924
-1197.1340966683163
-1215.7651318028852
-1144.0596972138753
-1293.7651373927943
-1135.435890873486
-1237.1725442403738
-1260.1822496559435
-1220.8713388860454
-1088.971447168858
-1354.6588286997126
-1292.787415091162
-1227.3385266998432
-1201.9125686097964
-1068.548559138131
-1262.1936249949863
-1299.1064148884168
-1313.7218173297329
-935.8226214305363
-1265.3528209879014
-1270.6930818713201
-1273.4132926382674
-1196.152337654249
-1284.7775065411852
-1244.863460843293
-1270.0361410147855
-1012.9563537885176
-1387.9344094672203
-1181.7839028571116
-1229.7803965776543
-1240.6265701917434
-1276.9265106014504
-1134.6921665591208
-1273.2703837113806
-1198.468022728205
-1136.7607315561222
-1321.5820557191623
-1230.5511428960604
-1176.760624005368
-1086.4576713241852
-1280.2555107524222
-1328.8721259794727
-1333.3458160342846
-1294.799261609934
-1320.9785409447404
-1147.6116861505177
-1151.5478886859369
-1232.1278636619472
-1391.2237913027705
-1241.9929382665769
-1071.0335376994965
-1303.9561451800066
-1294.0870720715973
-1190.0801030539146
-1115.3285581692187
-1152.768573049652
-1233.1478272081051
-1268.0114617396941
-1287.1234979891842
-1041.6587371292578
-1277.4477095444227
-1288.5952155879713
-1292.3914000760417
-1253.4497319951574
-1171.6859564209162
-1286.2713516070112
-1160.7695178614583
-1246.254093554248
-1290.6615709712858
-1210.771620640411
-1217.2711292535726
-1352.5730136757375
-1248.584735714276
-1215.926324867202
-1183.1181295213564
-1080.21248162607
-1081.2790209468021
-1135.3724765230872
-1100.1308704817332
-1245.5804655108586
-1210.8159547691287
-1361.2924083360797
-1202.2433544860955
-1183.649942806901
-1293.4501658407007
-1119.5142543739564
-1340.0760583354004
-1306.3567281717415
