2920
2935
3459
3055
3578
2991
3021
2627
3622
3131
2684
3454
2440
2274
2991
3440
2721
2155
2923
2268
2472
2707
2945
2565
2650
3489
4123
3237
2411
2343
4010
2411
2774
2351
2215
2304
2968
2226
2899
3022
2422
2192
2756
4066
3412
2062
5538
5265
2820
2313
3741
3031
2481
2623
3689
2954
2881
2556
2517
4099
3089
2434
2071
2628
3278
3207
1981
2667
3058
2770
2735
2740
2846
2256
3162
2700
2725
2529
1689
2798
2999
2793
2487
2883
2410
1941
4098
2599
3524
2694
2788
2941
2691
1920
3278
3013
2488
3429
2417
3051
