-1215.5225898588492
-1222.7104026434722
-1078.412365249392
-1162.568588429284
-1214.0162708668609
-1100.1572038103188
-1215.6525677919883
-1226.172855562444
-1248.4517336742235
-1324.0624775901254
-1325.2082809992796
-1364.7727715970154
-1192.5331444198894
-1234.3111477062992
-1238.5525091060035
-1177.4427666782985
-1346.2945395992633
-1211.3026049562632
-1330.384197383552
-1292.8290271173778
-1194.5056585240018
-1103.9440541427448
-1267.8259312750158
-1269.612754901057
-1222.0060124548775
-1143.8926963520628
-1092.6155689721656
-1245.4524834952192
-1278.5187948142216
-1256.512060379362
-1067.035139280947
-1251.6353685788504
-1260.7882989572497
-1098.7983782047272
-1168.4890013463826
-1351.8571804044902
-1205.7016463801829
-1208.606261700522
-1036.4025277544097
-1179.4163241749673
-1252.4638374737572
-1208.96905724012
-1214.8479097870197
-1224.1890061366425
-1106.6399451089383
-1283.459829154502
-1202.778770034869
-1112.7839154874146
-1326.2338160049255
-1135.4894156674068
-1167.706988669006
-1103.2545134537727
-1210.025303311872
-1178.4062164578859
-1296.3925871281087
-1217.8908421100984
-1310.5389101496833
-1180.533467605807
-1160.415195644044
-1169.5644579681598
-1179.7684897781512
-1276.2498338041657
-1243.7029576266318
-1217.852578262972
-1226.1556632218205
-1230.8787036978986
-1025.5407977270227
-1185.4437211886027
-1228.5746137915585
-1227.2523519800898
-1324.5616312617117
-1117.2360435042995
-1287.0293943969368
-1311.9643364328674
-1209.1263188335624
-1199.6570855101754
-1201.5110808513834
-1183.2394602117085
-1185.5116417718677
-1151.202602334932
-1167.452418299018
-1148.269268222355
-1171.9501319647252
-1276.038747637453
-1275.7427044243445
-1225.516936503149
-1228.0007697245185
-1117.8472416143559
-1136.55583856693
-1193.396375132892
-1024.4504559925517
-1268.1646919961145
-1241.5727770428198
-1351.3247685171905
-1251.1601527824798
-1205.7907777849307
-1185.691499809833
-1188.5309123298055
-1370.9778396321808
-1154.674375758194
