-1246.618295553875
-1240.671461965233
-1165.9844658934392
-1164.8853674905474
-1270.1699812041527
-1262.9838187954872
-1135.677701772134
-1182.845905820437
-1167.9455498616549
-1269.6350391873063
-1127.1365395121684
-1251.232114807227
-1159.0118669040858
-1268.788705295336
-1222.0680949089037
-1179.2238901688204
-1291.0425140440327
-1355.300318908619
-1059.7423076387427
-1300.6917799120397
-1201.0028343955785
-1136.4643750326804
-1270.4312224705845
-1258.6872039742707
-1248.478524139236
-1186.8111593901672
-1103.9015964685755
-1209.6282894275723
-1265.8592947293798
-1261.7985565413162
-1062.1551180192605
-1246.927935492853
-1218.948545120459
-765.7046250565679
-1141.734735225684
-1298.016480621115
-1266.080103802266
-1042.2107445984504
-1110.3291509930118
-1154.6786594584503
-1294.258917948682
-1216.8977444289476
-1183.6682746183237
-1274.502260320162
-1120.992231755819
-1318.3226034720026
-1183.9785547902104
-1147.995226682816
-1140.2948842351059
-1086.030007168388
-1207.5722793970315
-1159.5528767982344
-1223.0743756045595
-1160.3609084103707
-1124.8582548875197
-1224.6314303205895
-1226.4698554606107
-1210.7748077024276
-1127.1490651082331
-1116.3599215120703
-1140.5592922588055
-1243.6449699868422
-1281.0784410477365
-1207.701405885714
-1209.3444273652735
-1192.5781390252532
-1101.4347847640183
-1203.0078293862334
-1159.0806145714316
-977.887633325382
-1112.2635933738998
-1035.0717410834984
-1285.4421176987069
-1220.1496574886073
-1197.5075070365913
-1259.2117778932527
-1205.5367270441743
-1252.4427802441508
-1220.3559530865477
-1144.7113146796091
-1218.5954559840375
-1178.4761637907727
-1273.6495944833198
-1123.4357156328558
-1332.7729049634092
-1252.2858220511512
-1140.6255838477707
-1105.9832943366785
-1111.9284013790361
-1196.2785824868442
-1031.0554824278831
-1051.2159082946712
-1204.6041639144723
-1380.3600613086548
-1183.6366752741471
-1173.050824492336
-1227.933643081875
-1212.9495236597534
-1162.2888457425145
-1089.9044540934706
