-1216.4382294444292
-1227.6431627802522
-1359.28656913234
-1161.0624800765029
-1219.1887305583082
-1132.5113033783398
-1337.6261236421399
-1200.2726199029953
-1272.3138388289715
-1405.8619549298705
-1373.414482581306
-1296.2461646515321
-1145.9610972091384
-1244.3929290653236
-1234.490342396099
-1115.6742793929325
-1353.1361284805114
-1143.6935666225395
-1354.07927200485
-1291.3061336767414
-1212.9341853114965
-1077.3641010163744
-1339.5611593273566
-1257.294271890972
-1257.5013129452475
-1214.941032924381
-1065.5866810426692
-1291.624295980233
-1279.1051261093596
-1258.6688352277115
-980.9302898131783
-1271.8693396568683
-1232.03280986762
-1276.3993179245242
-1233.1642517062114
-1333.5851228925312
-1200.5593980146562
-956.0213552394573
-1028.6111289848827
-1391.1656305568854
-1233.90116765356
-1209.9698909138792
-1182.0431272973262
-1250.331177957603
-1168.4381273336962
-1211.5365879900817
-1200.324995132076
-1098.1378647450142
-1274.9255872735898
-1394.2652088762134
-1226.6917800060062
-1096.7221500477797
-1313.696113378578
-1289.0578220102907
-1310.9168784435717
-1247.2678122015532
-1324.5860936651661
-1159.7505452071764
-1172.5245615395418
-1196.5549923186957
-1286.810100340008
-1250.7072111655143
-1197.2127091414695
-1219.5871673114088
-1287.6904137825422
-1226.7091337107352
-1187.9894000860568
-1129.8534203011986
-1211.9783310124956
-1310.4698131253901
-1167.5935208723083
-1115.6685564889265
-1251.7575197718068
-1317.0666155211422
-1203.4988285492243
-1274.4216658338187
-1122.468105819545
-1265.2151765947917
-1267.9536740546546
-1142.8513229745076
-1281.8348166324145
-1154.4429856186932
-1244.5478415033406
-1343.924218388221
-1232.4102444634539
-1223.3256480504358
-1113.8324197637153
-1197.7771203301886
-1121.0792376890618
-1223.1932158944503
-1078.3945208786404
-1335.4226790094924
-1160.5782238285583
-1337.3335569620706
-1329.4073113062125
-1231.4120310644607
-1220.9270055221803
-1190.9021850630097
-1306.763791441932
-1300.8879596837949
