2847
3226
2824
3061
3175
2701
2993
2518
3719
2666
3203
2836
2536
2233
2959
3595
2800
2269
2934
2303
2530
2706
3009
2656
2794
3629
4192
3258
2620
2351
3968
2413
2329
2805
2284
2285
3501
2030
3085
2288
2316
2200
2787
3918
3356
1920
5041
5241
3118
2217
5344
2986
2793
2815
3413
2890
2819
2519
2513
4167
3100
2480
1913
2413
2943
3322
1889
2903
3397
2786
2993
2831
2706
2199
2910
2716
2470
2356
1640
2466
2903
2550
2490
2681
2542
1891
4067
2546
3701
2749
2674
2696
2804
1922
3452
2832
2600
3381
2558
2673
