2745
3185
2499
3158
3247
2633
3086
2577
3827
3351
3162
3165
2655
2229
2726
3361
2781
2219
2943
2363
2503
2596
2522
2503
2680
3903
3928
3304
2519
2396
3913
2647
3115
2394
2178
2151
3026
2258
3174
2512
2334
2145
2670
3932
3442
1998
5043
5397
2917
2012
4754
3044
2868
2900
2901
3477
3184
2617
2799
3768
2625
2507
1899
2480
2869
3077
1947
2564
3565
2853
2806
2907
2815
2295
3304
2857
2660
2589
1664
2930
2900
2874
2527
2776
2540
1999
3932
2515
3448
2782
2665
2892
2628
1889
2636
2932
2517
3436
2850
2829
