126.91092470690293
123.25285035252418
183.0537982804328
93.38741944772248
136.50451373936244
88.30194076106444
204.32313247936176
75.06858145355025
151.50535396970875
184.49605516919004
184.81351768001545
194.03623760715254
70.56778971783696
44.11342234351121
94.50851396767139
121.08086704052388
140.97186775343417
40.47287561202672
177.90905523923877
74.05454053472296
69.20250492658559
56.29331886188238
163.89240061456871
72.10798165623144
87.81728581271572
113.60614369046476
127.89744448770585
161.98709982452402
64.28058579512935
86.71436588209406
198.24874291910643
72.73270899528764
57.850504163467534
132.81223090978688
89.01023688895442
87.21359332026859
165.66401623221319
87.55124926940658
127.95411580911025
134.32956354926372
46.98946557249999
87.52631248498032
100.33114191966479
126.62989677397061
108.09165645037594
33.27630745514318
222.59876508032204
234.9984650775792
133.31766393590047
158.89184653762692
171.61591501061412
107.29834658716207
119.81493698030803
193.56485502170486
166.22487758805295
139.3986319283172
156.9296024397366
70.07987803394586
89.57754243661246
167.4374303287578
159.24292801747708
83.73460225022056
40.11300914584738
82.2390523339088
173.31865960971615
118.92985403258108
83.43585781098609
89.47124200493661
90.77968532514119
176.81108932408438
80.08486710319916
64.14464171300988
133.52589947623125
82.62337085841553
95.01137251932187
112.34911707662152
70.63757724173615
78.5366751044477
38.97456585505622
81.84290608112542
168.96717823299483
122.2270368363024
161.4715085437619
118.90193440736806
61.07067314711
41.41220959805272
126.43874729562239
74.48528917135687
113.82440712977471
65.54234454168541
66.27642254407296
150.03989636808345
108.54191606051236
95.943556744456
132.26777622521348
102.29194790731081
137.03912435913824
131.79005181285538
158.123824008994
123.02346142356994
