135.4016229161938
120.56339114734884
162.68824185867973
93.91523367747749
142.26131394277522
87.12398038240478
198.481019410359
79.90249323026065
145.4123952768767
159.4145849003002
189.2700484846603
170.30512992068083
69.60903047388834
45.48014613402154
102.07266579520433
134.63362057518643
149.2848183649185
36.56210666942887
170.6160596521486
81.01518855471002
72.95180049038039
54.536782738726856
183.12895451967967
64.10914977441172
101.67862212473528
114.28400755949873
146.5211663308387
155.57790556834794
78.87185518896528
75.45216201972154
206.59602126497788
74.39008361683919
76.4212039930075
167.08456920501263
90.03162174702985
86.6257154039663
182.83574674145152
85.82581098936407
85.1167562331254
102.44185757403451
60.361967503730355
85.05949189261902
109.98385152140312
146.93776677398517
141.50915267987136
29.485727615599874
196.19152242977563
261.214987478002
185.8388766754384
135.74629787197716
219.9144123807701
114.24919732581297
113.82343848923013
168.50351876620303
193.9966296171858
128.21375102435073
150.3009958946452
69.99748246750913
90.66229870196162
202.35290806358097
175.5245428043235
75.92963839856766
32.55697158522489
84.63308763683716
165.73549219632167
124.50283260208397
85.80796832794948
99.88975624391146
147.31094226624677
174.3291837898532
140.06158661792986
64.25092296261923
125.29105515906912
60.01106818840207
95.20864380609298
117.6991919963455
68.38600220649025
89.35427916936996
43.889039405301865
80.81111576524714
178.38345310834114
75.21134079906777
152.40706750684365
157.97122629886934
61.18899603072997
40.24257553273545
154.9713069925114
72.19797866019522
126.59656046846814
60.88879355800452
67.44532546895536
167.83382052201276
118.68288182864661
86.68290820645137
131.88794695725852
120.44386637053437
135.61066864367356
150.98524571389925
161.8804850689874
127.6963209823636
