2885
3080
2647
3017
3350
2780
3068
2713
3302
3380
3456
3016
2528
2153
2988
3498
2791
2400
2023
2318
2633
2688
2735
2576
2640
3375
4307
3286
2566
2423
3947
2536
2357
3399
2205
2305
2839
2268
2334
2731
2265
2094
2883
3961
3234
2020
6116
3944
3199
2094
5631
3054
2599
2937
3124
2829
2730
2625
2571
3143
2881
2994
1959
2481
3209
3131
2017
2691
3114
3053
2849
2584
2807
2359
3208
2732
2658
2365
1587
2790
3457
3030
2766
2931
2551
1984
3864
2339
4154
2799
2764
2724
2698
2008
3363
2983
2517
3413
2766
2732
