144.0947220287122
115.86319060285155
193.1113641852797
99.37800248974932
130.78702411322655
104.66886136459397
190.69780213679698
79.75614356180182
146.06465357179746
176.8314429303228
163.15061887982446
187.32765567573875
71.84055367355991
46.0915891747255
99.5954184251697
131.4689129036656
150.63266988966248
35.06853937680721
163.89489641407505
81.60883115203985
69.91186890588077
54.50199986979851
167.50781237698007
65.656589968314
102.6797276743376
109.48275412513316
149.45415200894146
162.71687800638364
74.83748477789014
78.03209328477023
204.395786145305
74.45527136291557
102.2697466143231
113.4605969239705
89.51991279262411
88.0801785679933
154.5093261259991
95.14757001167126
82.58576327569557
176.3897053757487
61.2575873437879
88.88289776103885
105.5068474325381
143.7780446621982
134.94442722905893
30.542509680728077
214.64109357336633
260.17815407305903
171.05248729080031
151.44618411177044
144.78699158006256
111.86509601462059
106.34447340299207
162.46658792741349
202.41838176450509
132.3911954437763
143.6241136201952
69.79224312691716
87.63670407870946
207.49422619993945
178.6649546831627
75.56303538367484
37.97964509161088
101.57649327817398
176.796197064588
122.59253297418473
86.40405467082236
93.03663918611333
136.4555658626567
164.66329017775155
126.75336721722617
63.741046078801226
126.2271091244661
61.435099153516994
100.65625394374979
116.50076175329075
73.11320139904464
80.42387630242399
43.44834808008479
85.36592778153339
173.09657492732842
79.26752642798918
161.52525493568336
156.3923749053025
60.03233076355429
39.31056244414391
163.5879212431601
82.02706004078276
118.62700201631066
67.96731020002524
71.52595757865906
170.06277649050463
96.34463381253471
94.58250444777943
114.206008895695
126.04260894099968
141.71012833678148
137.6226201783931
151.3115674203898
151.00823795746103
