137.87117589560248
122.82338534847433
154.5791664332064
97.6749404538139
146.44524551526206
103.00117547294211
192.71608409892016
82.05551195238039
140.43932817281345
182.6280041253917
184.32889885323485
157.26469238694622
76.98375495764566
45.556331893992166
105.37565414189794
139.20844361549064
150.2833932594505
38.0694128527739
83.57842618188943
81.2970085824635
78.0846909397747
54.92809659554192
170.8024418054687
67.21141746686635
106.13370503521539
106.60436885318195
151.4326870196748
160.49221907622638
82.0020696018046
91.61046081068882
207.31727996030415
79.10233485736326
68.22717121912537
183.21235732177024
92.78212383542242
86.90745134923577
162.14940894999745
93.22692417729284
73.86633225750482
163.3655593294302
57.19005900019672
88.5573559823688
108.83424588898151
150.80653418061902
122.66573220497416
31.54813174736484
236.8036960734
210.80761355434169
184.36538278632295
141.11051522960136
232.16741043473178
117.80185337636222
107.42017817825904
174.29250880606847
179.21070939041587
129.19428993662464
141.11443703452545
72.5012913306455
97.12380479574351
177.29207765181
169.76580514592484
85.17155550366601
37.144462080726065
85.8070915176552
171.29058647045082
123.91316815613624
89.56668343173233
102.83825267835734
138.88839001531912
164.93578801775882
138.2868196768622
66.71684937351519
131.4400865540496
61.94310550222381
115.30110311714564
126.18223395770075
72.97758466853516
75.545010896091
43.62215798092166
94.50959733943928
190.71808641927677
94.20736442182039
167.52123265493128
171.04797211173104
62.93285244009648
41.387720461946564
153.1457491492376
71.33338013734439
145.52559674769347
66.16604693711305
67.13045169103717
166.74461798432318
113.94896871012513
96.00464583056967
127.90799920237504
128.25430573984437
131.68119115399824
144.53501874809473
163.94290278581667
135.63455532269828
