2728
3150
3008
3045
3935
2487
3099
2625
4087
3172
3031
3236
2660
2207
2995
3426
2578
2274
2763
2262
2549
2707
2663
2812
2738
3711
3711
3530
2385
2570
3904
2433
2241
2245
2361
2152
3174
2187
3398
2285
2171
2119
2704
3644
3329
1978
5905
4558
2413
2387
4217
3031
3027
3109
2632
3690
3413
2617
2961
3843
2457
2532
2029
2612
3082
3346
1947
2569
3018
2818
2619
3076
3103
2421
3270
3089
2665
2457
1564
2899
2642
3394
3277
2383
2400
1957
3749
2722
3383
2686
2636
2378
2660
1900
3395
2871
2468
3262
2492
2734
