131.82611441521738
119.78840009746769
143.9844969856842
96.6899564398508
130.29745913436355
89.5180047041073
202.09459549241163
74.28793513457077
141.74037426342304
189.21172724222632
184.9667453509515
180.70746839514464
73.12596577207906
44.45240353651769
87.68317411991369
129.15553557707753
141.36667510469047
36.66182922793718
176.2043051997002
78.98276424046773
74.67179107643379
55.27506714098558
162.3701366685713
63.46795186922734
99.3883498948442
120.6648053035453
133.48108294575047
149.8449644725844
71.20687374662384
77.83949510872574
200.9201508183665
78.37458595930303
108.36882470471134
142.80879302641054
86.83507652090773
83.30953759028179
155.70185950853323
86.86929781918735
81.81028845491088
150.77025540861592
55.76172514121426
85.3579319784652
103.48864272512668
144.96244266493974
131.25236954061484
32.531157388184894
195.44641044427996
265.4500341209308
172.99594980821473
109.45371029384448
197.02311470211265
112.23407075179598
115.88006736778048
177.2311221529317
176.2628390588835
143.96854196288805
151.62313928265954
70.25471751340822
92.90745367445045
194.61304847217795
165.76697049133173
79.18904272535697
32.057305462521256
77.10433009458197
167.71616570023755
117.30160127643616
85.88891959360598
94.05926992990679
144.684151745387
170.13920611272627
119.75375361352138
63.92184805790219
127.4808356957858
70.86368868376802
106.36704321695463
105.23756531625898
73.65388199176235
91.92448613990027
42.40446882039963
85.41018150079195
181.19119096355158
81.43779586510539
156.56417377184567
167.48621912274186
59.02974620819885
41.37067218478415
154.79927531319112
73.29304944950248
116.73314237465614
65.26641402232157
68.03330245472506
174.1627981708263
106.75061738895242
90.00648870076411
75.68032239569249
115.34399250141789
139.4626668570871
145.8974025113665
171.1718964877116
127.89394420006259
