1235
1066
1333
792
1098
1206
829
894
1228
1151
1400
1268
1306
1229
1457
1351
747
935
1399
1406
1194
1229
1369
1351
1213
1194
632
997
1257
1157
1219
1609
1425
1313
1265
1528
1257
1508
1403
1142
1492
931
1158
1498
746
1238
1389
1525
1258
1144
1480
1429
1284
1005
984
492
973
1368
962
1717
1451
899
1361
1047
900
1211
1293
1232
1393
681
985
1213
1351
1020
1601
1285
1253
1386
1291
1345
1260
1263
1442
1354
1293
998
1519
928
1103
1293
960
1211
1374
1408
1181
1628
1383
1430
1379
937
1306
675
1278
927
1426
1469
1391
1398
1458
1004
1396
1390
1354
870
1402
1241
1402
1267
995
1279
1187
1334
1465
824
1209
1449
1412
1500
1155
1296
1255
1078
960
1281
1125
1006
824
1302
762
800
1339
991
1255
972
980
1579
1043
1042
812
1207
1446
1034
934
1195
1494
1357
1276
1310
1513
1526
1317
1208
933
724
866
898
619
956
1635
1047
770
1078
936
1256
1023
982
1038
1172
945
1009
800
1244
857
1196
1017
624
740
1515
1137
2334
1397
1092
684
1389
1306
1285
1204
1202
1265
1328
1344
1263
744
759
1350
1336
1358
996
728
1629
1232
1254
1305
1242
1349
1346
1322
1233
1251
1368
1180
1055
1265
1231
1214
1583
698
1234
1090
1210
1374
921
766
1522
1306
1415
909
1119
1175
1407
1344
1042
1212
849
1089
1274
1396
1160
1410
1431
1139
1100
1210
1298
1269
1152
1539
1233
1327
1561
1086
1246
1235
1310
1192
1300
1350
945
1345
1316
1418
1498
1250
1100
1181
1158
1340
1632
1252
1324
1438
843
2353
1231
828
1560
1472
1259
1305
1180
1069
1236
941
1390
1466
1425
1110
1078
1073
1065
