116.12641326945673
28.14224694654482
120.3772397583399
16.67714596191294
40.45347402618007
66.27026031106975
28.40022441423361
31.510310753757725
39.110943842872466
96.14943069820828
112.31010303597003
84.71138737160847
69.2609202542386
60.931196961250244
121.69144818787505
113.8839177872729
26.607840320291913
42.58810426628947
119.23004802104619
85.25981201575954
85.5039024590384
107.48936114060798
77.49449018629984
92.85893687602665
48.06447952272443
73.99847758941337
9.071091989617345
39.829280958127505
99.88217083689308
49.28754997592549
73.15530894671319
79.97182526175101
103.28644609572171
87.19413629410074
97.7259971155208
97.25761590542878
77.40265472385272
89.79893606823877
78.88666697323939
104.80960031205508
125.62029135828683
24.3097668477788
40.40474557503268
107.4021607706405
36.3464720706937
110.0261062215724
112.02051765901238
130.56934771295818
97.85998759179441
99.65439992387589
109.10622707786116
105.3594592203764
110.45006836183391
37.28056014028494
44.7825572762275
13.309528096334802
40.22182532374948
96.86037461617505
34.972629306209406
85.48733111267421
110.34521944100601
38.598085924961495
95.80647642285506
56.54887590328658
49.77892387112524
94.21579962391067
103.48750073496036
55.808867939750556
112.51287725339328
27.423006793265458
38.09479787752241
107.02108382955078
115.26008611365906
63.252810827008496
128.8791585591483
96.41151764424288
88.49683685002077
103.35267162543903
116.17656381305935
98.93260220344445
103.73030504954728
92.69313291428843
121.58127298890257
71.55424759553782
112.54961715842948
53.85112056876345
118.32363253061945
33.38122004961448
39.27289576646261
90.86065115027789
29.15245397673
56.10013027303762
118.26175996605586
105.52973876722103
94.18570580000682
113.13551020831923
112.7155709282582
120.14007372441338
53.81267021286721
21.358890818064737
110.1029176122792
17.55589108442877
105.28671817961084
37.80670863294423
101.19545120705939
119.60550575144812
118.78773388324656
121.52783236773449
103.63059110660132
55.187213206234915
91.95513197531116
103.97896172610072
103.66012295171362
42.90514438192908
116.83094948209505
105.51153907329044
94.67778654208178
77.13888913169842
33.48988497049529
49.13034036832772
54.766837567420794
106.5081465456367
112.20048119802999
26.53708815320996
84.36734028269746
69.49532076991798
117.11306569848603
114.67594491820542
58.26731582777887
75.10217957994362
104.27678503391367
60.52728292891144
32.73234524298857
84.15691556716438
64.93354192171289
60.592130875688895
26.746589059932646
64.28549919195629
42.006636233330276
23.533807973804926
110.94807023167243
25.12544914178995
101.84348104562629
60.00064633638892
45.06462831229907
105.84070862903395
47.90861531710228
58.26447853720519
23.82769359477317
98.66604199711915
76.4655111815168
28.997406359568913
45.46127971095787
67.6008097637173
106.01090722187207
107.36487835766691
69.83582415120594
105.8134786858319
106.79296595975492
132.7720489390334
97.43364853938293
89.05129379729931
52.09186477341748
16.00317115098018
29.42747237407212
35.17283641543341
15.587614764460978
40.63500655126383
98.9863723009103
61.426353433638056
32.261083896974604
46.936827983333245
30.32136384481601
83.84803748967131
25.638400722032593
42.833269166974965
56.55500998036233
60.72639572521897
41.69012121405296
48.6382015805242
23.243517793468207
70.20973159346256
41.25050985839496
65.356146866884
48.906880796240564
16.93400969147664
25.45149585826985
117.43084407452278
74.09362955332772
155.87583122127597
135.7188534617721
59.079147317549555
15.203070044221533
115.13417342775777
98.67023410429643
104.1746252652184
82.06829929299899
88.10087378357343
92.75027435999336
132.8731265163813
115.25301539420984
96.71666058329896
20.662872114472147
30.468058994363385
110.25390069818428
106.70414383532567
116.04995241907939
25.045793852884977
22.358986164927472
101.68627035437008
104.86514162686348
95.29515249239827
117.3854614906181
97.87183591075959
91.01622037210412
87.87719053165709
99.07987108584096
102.83242641667957
91.4057235645126
111.5386215610728
62.79420913686708
26.616461612197465
108.91553200505903
105.16124107810091
94.49424244803338
119.34290901529101
26.018378596718442
72.79379758039485
66.8856847891329
101.92071175809399
110.17924877069767
28.32562705807514
15.846823021126976
122.26248609665342
77.40552520172373
124.45245202429835
41.276274064234194
76.4588659389624
91.70767436537301
106.40652025186273
120.18452991603596
45.899883736374086
60.86083967561317
38.27224692470458
36.302779069869814
93.50676340043302
98.2755662210457
47.18191241062005
118.05950229650098
109.25616345118031
87.30917219273451
63.97585156804958
104.33093587213382
91.33283179964984
104.71651370237576
89.59954717347425
119.40143230355051
105.14379509137495
98.92024591767317
136.78219185252496
28.76775909010286
105.91520622450064
104.59712843352885
109.16785532488488
80.85083295194514
97.08744658325678
104.27875478245954
15.04025908737747
98.00919782623392
113.14985746467805
99.52417106244803
108.86424541911717
108.26886679186903
72.75976688514218
69.57375759565645
46.859868080137375
77.18961688744815
109.94677530768936
102.54164157802191
106.9548333542308
107.89457117533038
33.15410441525623
143.76586138857334
63.02201305325765
24.962785837364862
146.54947131107926
109.60061574470699
96.8890883478994
110.15267261924595
61.95831071301329
35.23534512021613
105.08601366044944
58.338605777197074
117.06126271878377
110.29374762190947
111.41009148009358
57.025566051811
54.585165634002244
75.73771805260817
96.38809769073
