142.8078420054017
31.073030426309625
99.94274392761602
22.51634303884623
42.46750479322374
55.1063125262618
22.452513198296742
31.119793511065087
44.59819647307861
97.78204161927138
94.3964636050314
79.49408667204075
70.67281727299269
99.28474631866841
100.98551961917715
93.73741074620233
17.05536792271243
51.153774159237784
95.68294768346608
91.51872882340552
93.25063475203216
102.07643693392124
97.05986393340214
107.7934251727676
48.97560057737328
80.75137533420157
9.123104892198393
74.14840569158861
97.2656177743687
52.151675015181105
92.51145809820193
77.94315636394415
110.13107489232162
99.19125595993452
98.931310880386
100.51259255102109
84.74209814718564
117.8071911034595
121.47802363703089
100.84870176939206
98.8550105640806
98.0371864348587
113.64766231206512
122.57792204128441
36.11579191992885
92.19801649936417
86.18056658859138
126.89384345897592
40.53803568456848
90.1274177955306
88.22929689739553
102.37570750761154
105.10766192236572
31.702717218507356
43.15246359640264
10.916932775377433
95.93586522977753
88.0450990553044
77.13713464915803
87.4162382753557
93.6526700541216
33.53509369468709
102.73310000292213
104.90430630154216
45.481048306000375
96.11562122985221
112.77477831570341
86.40640700735152
108.5920298416372
21.887833918758986
95.22560806303865
92.62518134359266
119.36001256773248
106.27914967021789
93.95946422325397
93.4711730940566
91.3846398009957
109.44783948986264
100.40682808717301
108.24313960504708
98.55601248156839
99.58558441008812
76.29057679319679
81.22522366930916
83.49819707553247
70.46782961236563
100.12058739440262
59.795327490900156
90.370180040121
95.2045842342034
29.15598490302857
94.6582771893183
99.41558772075737
115.7677026609865
109.60221437901512
96.44679481732591
93.12896681576825
104.39242074213989
58.997366631085114
20.820765629501345
115.19607349888142
18.73800763064258
111.20061709328684
39.308256289636354
101.92632476435125
117.87254464416068
111.48793084113423
79.84601052922555
98.06354258405645
49.01131688961593
94.90074545030465
80.67672834782736
84.65089292658686
44.5873101018358
99.87310592005443
74.43855759730081
105.17337521822016
110.82998975642792
36.84797454758965
112.72362707046827
112.96510452380643
92.94893959653294
92.58389565638826
28.26917869006481
99.72474479495149
69.96188505896895
94.95653722066506
112.45345580461006
69.04104091415334
75.97634858113477
91.12406786134817
59.83394520284318
31.83702273847772
87.44581108404721
66.25818267530563
68.1422758373831
26.024035417492076
79.47816899120583
36.697791686403214
29.631482380445267
79.43758453609381
100.4892621970823
91.15428424307707
57.74818008371098
43.630860418780046
78.58505341699232
56.03679859870717
62.89180979763761
24.007908655066007
108.97953403864307
61.82945298751681
62.59577746835467
45.532269155465
75.29587846717081
95.06127888584912
116.0409986995589
87.44584023944122
95.65609115494719
105.45148454621987
83.60301730144069
102.54777256975167
104.13268354306538
49.86532809421212
15.083750704019335
33.61319499294359
27.87572259843576
14.294424451395924
53.06106461525057
135.37510477839453
53.13911005923224
29.94568042270202
50.03114071170259
36.67766985097049
75.68551413359417
29.627628131949475
32.6538137487494
58.93613766983436
61.105761195962316
40.2473498741282
47.05830823231505
22.815350899491268
82.34952449530466
41.69566389517122
68.69936448638107
50.68377974517908
14.785053147525604
22.75197919548199
55.4572911311088
89.75142844119208
161.6677489769533
142.48998702884873
80.93679738618033
12.639505951194465
103.25018631982083
99.84794162853294
112.74437075752394
65.42439449129517
91.60898756270275
95.30205309926961
133.4278133472053
118.14525882415744
110.9411753180162
17.40931343385073
33.8754127548954
99.09656790159137
89.06687535880087
99.53520923480319
91.21855283962473
10.913203442283939
115.55233350875231
57.28725274893812
103.35251635473102
93.9145286080217
94.12721491883515
98.02876348838856
103.15982361400263
89.20026834329113
96.5180438611048
108.65629838189867
98.35846691072801
50.57335414551354
29.346176143657946
70.78930996473515
101.22925000443101
112.77460791239504
126.88474573799682
27.822056333395278
76.65868557382578
65.2008889628953
91.38761585325761
107.21644374911136
23.119432675477803
17.8979255876451
113.3248095888547
100.75900164445049
117.60692670357277
24.992755987896185
103.3869677194882
85.51261732767566
99.65140730311354
98.81421063595677
54.1527258909646
64.00285090960088
44.97646303734857
51.17322975227049
101.37302722227142
83.06398507154144
63.266588430691314
79.8613152197416
94.18187807847401
92.00844616870398
69.19209945375866
91.03328629929511
110.7760030980662
101.80228690193883
82.61507734867732
95.84304928823201
115.66251811013241
108.43767555480161
71.70233052064454
94.33187985757674
97.9303280857948
113.64602208790284
91.21857335139224
87.13066734622002
110.784672092861
101.95533528021487
91.90818882228315
101.6292081397541
84.3124527398997
83.25611861061012
102.43002782202298
103.73027641345308
78.25422274585002
99.98901518517928
51.40107753035517
98.40406902047718
60.47059293488351
100.52221547508054
112.5316803447768
111.14549055894892
30.155554047869305
144.81690885904698
43.29472172833724
18.9317456620045
143.02744539234604
105.52389563788623
120.13224354213303
82.7323078162153
88.73699684304417
71.57259834580249
104.16000400442252
48.585855667456876
106.25448219167785
78.64679099210257
107.46629067261306
98.24536296530661
50.3279453760738
73.59495374122605
76.81615739342159
