132.73752302831562
30.577508333931405
93.18513630812497
23.805478381863132
42.91321579531321
35.04926981727337
22.611120091750003
31.115789671386345
46.23029772444483
80.28243930467842
123.25916871282051
76.48785613720425
62.06907569026477
104.22012318772863
94.91532406052653
112.06935665544594
15.332771317068088
48.57642448590875
92.12449034078067
104.99818414727022
52.81203360550492
98.1579405956423
95.17934132228051
109.8914390496915
103.11874277955249
104.84458826836507
9.289578417236303
111.96663990223554
101.74669833580269
53.739135857513645
97.65151762861758
126.54200152741933
106.35889384049206
99.18640225238266
90.82752420325409
83.29753333575671
72.2801186790318
94.7992766632283
96.00660599455932
69.50739124744874
111.78471797260916
109.17261852828808
104.03139845738552
122.72628716947489
35.11503660192894
100.09303791452926
98.54553462923687
100.7885506597408
100.262481097972
98.21606394218165
69.56598777366769
112.77198003833881
109.53898479808925
29.956566164526755
40.57170246728879
12.033029444961956
122.95738466989644
107.51441935693774
108.34850041451807
87.44016596577671
113.13780297075691
30.189229427634498
99.72786316092514
101.28663816449406
46.96362773496563
95.84864944781181
77.81329873252506
115.79056694896423
91.70238336147098
20.82444052197009
111.69407925222855
71.5347732562342
93.72745625100436
93.1258600216529
93.99481788696596
96.15386391315936
99.75765165097478
124.21831104457907
90.32032032879306
135.12523186253685
102.07328471833243
104.2640990278195
101.47005186487196
84.47113628372239
106.7092395720297
69.4429230338732
92.83207909562456
60.564926743031506
100.35262827920238
109.77663616308215
24.69424785213438
80.45375403568553
70.4406304787079
113.84030916494648
89.15345026438517
87.82661309426216
97.91297028236416
107.81298848288016
58.62028621199275
23.621560931920218
95.8968136713875
17.11821817793515
90.49639879407594
36.64589102098814
100.14005941443232
95.93439316195717
52.33715651795477
97.20105887990688
110.31450767230727
45.77206056524105
97.05435430331943
106.92165043326794
99.2158591159786
35.36922058897637
97.34722697147278
101.36442669424035
96.7948666982606
96.99990359423046
35.62264753695268
98.46943786246841
84.64713099657935
99.77086031244562
86.18566027943476
27.317387463867842
105.19429982074283
69.45647957366181
95.55022051718211
101.09686578538512
62.64484909866868
82.64950179377057
76.2859583139133
58.876054969118144
34.923101785873875
83.07518056084527
64.0935967859164
60.13056418013652
28.660802946992085
67.68631749332037
42.1295692154908
24.181812990025694
90.34146900035078
94.91741509257723
102.32889171388021
62.79652454038131
46.13338545303592
79.73930505642261
51.427558512797795
58.339172267054096
24.771278267370704
108.11943932280073
61.49270434422474
113.90772690083463
46.284069131482106
78.09503647888629
71.18256211552317
92.45847140237349
75.29809287242759
102.26074225093987
110.75503515100365
113.05983297728835
86.63642148770239
102.96296588809055
46.50918775810107
15.437144123075313
32.51123942853337
29.89818624390898
14.813308991510278
41.3678117670473
112.97675988434915
59.12621158371632
29.512546839006607
53.00128043073756
36.24544308828067
114.86633317337505
25.05116930209109
36.91743589843993
57.71534485504038
65.94052464402414
38.609657732346164
50.611891929849214
23.97365288944106
77.11915304163122
40.25417291608348
62.375395518181456
47.58445103867963
15.927231417291091
22.594668321099885
50.047009447849724
84.05017752430592
149.76301705384714
145.31280520032678
86.18958413989604
12.101263891591092
109.12420191109554
99.84010849509417
100.7793707262707
54.88497875191671
105.70106108605651
95.7664363815943
138.34732399100002
115.22793754128733
106.72199975441316
17.07160400862927
40.95829501989102
103.67007548687752
96.07299732229704
113.14243241884775
104.95262682618235
11.013687956974108
100.90337167015592
104.6503828145379
94.51778532572372
98.80135227480555
68.5696043472947
108.69304886070799
55.850634900785906
88.34976347254123
96.5415848078907
106.91235713098803
79.44696140634524
45.30366552203262
26.72486704160615
98.11445058285264
94.95293037773035
83.25908773561825
126.99447994097828
24.74912668846885
75.3655772113137
69.47420902254504
99.48870071590481
120.15557100412602
24.762166321930096
15.173939598793883
108.1168972890851
92.84373871223067
122.54401353617214
25.443347970600502
119.99808697516345
95.35291788677002
91.49056152359587
107.57330752515927
55.8534443565396
58.337843140964374
44.06653756779005
40.893039625486786
109.63974196667746
80.31732865710018
57.21298036112385
82.19837166580866
109.80663072491767
43.41208375787663
66.2128524783263
113.91505660780555
95.27231144870237
83.44323854950385
76.17085450735216
122.74761226039134
79.65594487318127
102.12030514203401
86.0810358648277
102.86766607200475
105.90084632641603
85.74216434788771
122.28262770382821
98.37241941151274
92.67241550601663
116.32810732507009
96.66772986982247
107.5672011744835
84.99318670447846
85.95890190097441
104.88038227889045
105.31515253240184
84.04995878537851
105.9704856606881
50.03407883750635
81.56349904351826
111.28576042307246
95.11364670157899
108.16184938164203
96.4322812879139
32.77348705864508
143.2060644708633
64.39106444921178
19.44255064603502
151.1225912613496
85.59947067466948
101.9182840752012
97.83023278666093
82.74647994460888
70.6622928708176
97.8134398944728
44.06549308055305
66.78559373818587
102.18363262705196
104.52464960327713
118.29607680144643
51.76170223959919
82.79523763793001
86.36549415106325
