1409
1116
1388
899
1134
1114
851
892
1234
1217
1244
1127
1259
1365
1313
1275
832
1044
1289
1279
1351
1280
1360
1399
1184
1251
564
1186
1410
1157
1319
1268
1426
1396
1328
1350
1203
1465
1606
1351
1299
1212
1323
1618
757
1228
1214
1516
931
1199
1261
1240
1395
1037
1091
484
1244
1230
1262
1644
1457
937
1203
1294
1038
1207
1470
1291
1384
746
1238
1165
1386
1349
1313
1394
1260
1406
1305
1413
1341
1313
1201
1415
1272
1362
1309
1191
1189
1142
882
1267
1288
1389
1305
1304
1182
1335
1422
881
1397
780
1368
979
1360
1480
1368
1164
1341
1126
1132
1118
1115
1054
1273
1166
1303
1436
1028
1395
1433
1351
1311
956
1361
1395
1099
1366
1376
1241
1337
1149
1039
1269
1198
1241
824
1274
832
912
1176
1303
1195
1081
943
1105
1150
1183
861
1236
1175
1166
940
1215
1317
1573
1401
1183
1554
1209
1289
1266
957
790
885
845
611
1042
2209
995
763
1132
988
1125
1036
946
1132
1112
1090
1218
806
1295
881
1222
1010
630
785
988
1492
2377
1464
1185
735
1375
1223
1350
1127
1312
1208
1348
1431
1512
785
794
1319
1251
1327
1170
700
1342
1178
1311
1235
1114
1301
1282
1311
1169
1412
1154
1006
1063
993
1263
1397
1648
757
1228
1031
1228
1396
888
777
1355
1255
1333
850
1263
1109
1262
1237
1117
1136
1041
1152
1384
1275
1253
1272
1163
1181
1236
1219
1378
1338
1171
1304
1519
1490
1157
1296
1230
1372
1203
1221
1572
1238
1182
1303
1360
1196
1330
1286
1166
1260
1301
1274
1119
1207
1250
1389
905
2353
1059
913
1488
1303
1682
1261
1288
1455
1279
930
1460
1326
1370
1273
1034
1115
995
