1272
1066
1323
915
1165
1114
829
903
1281
1233
1171
1358
1229
1279
1408
1144
705
1077
1130
1257
919
1316
1442
1154
1252
1201
638
911
1323
1148
1221
1290
1605
1246
1220
1319
1087
1383
1034
1386
1096
1359
1309
1255
892
1427
1279
1085
1206
1354
1215
1288
1289
1006
1147
489
1272
1397
1399
1736
1409
906
1233
1387
989
1254
1653
1491
1222
682
1135
1169
1418
1386
1305
1335
1399
1574
1305
1311
1353
1265
1252
1330
1487
1262
1257
1173
1121
1366
973
1276
1277
1273
1242
1427
1255
1229
1278
974
1328
678
1236
932
1364
1577
1488
1402
1351
971
1309
1450
1182
935
1401
1210
1361
1204
1029
1270
1253
1583
1290
893
1411
1430
1344
1332
1306
1264
1227
1188
1013
1253
1164
1062
850
1237
765
795
1127
1211
1205
1014
956
1075
1091
1074
855
1420
1264
1399
971
1139
1521
1245
1202
1393
1598
1182
1340
1165
953
756
867
904
587
1081
1763
1022
779
1052
923
1145
1017
968
1085
1119
944
1058
960
1388
891
1132
1042
611
689
1202
1403
2260
1476
1093
656
1199
1283
1323
1302
1285
1195
1352
1385
1401
753
787
1355
1392
1795
1335
690
1290
1363
1376
1291
1281
1324
1227
1133
1434
1318
1228
1043
1039
1256
1484
1187
1558
708
1416
1057
1222
1128
817
777
1441
1220
1303
832
1188
1342
1227
1552
1053
1157
990
1148
1250
1288
1279
1292
1429
1241
1173
1191
1261
1246
1173
1564
1333
1388
1173
1698
1195
1224
1359
1227
1258
1338
1439
1318
1195
1230
1213
1363
1117
1193
1307
1317
1216
1441
1252
1245
884
2365
998
879
1548
1379
1275
1249
1288
1381
1353
883
1365
1249
1316
1233
1029
1123
1196
