-921.4769318909944
-1251.6596315481863
-1111.65954479216
-1247.2703864526845
-1176.8947008350103
-1235.5618305936755
-1207.8667942053614
-1227.4041735014289
-1221.5623785430764
-1104.3011204685322
-1207.413965980544
-1237.6122842639495
-1195.4601561288957
-1142.3459617997569
-1074.042468699079
-1298.188632232961
-972.7921734368441
-1206.3190270225343
-1125.4455806609244
-1125.2051861186496
-1112.3520730091188
-1048.5880628602752
-1148.482932119119
-1201.5736397338796
-1333.8181383121628
-1077.770970363317
-1147.6910085193394
-1218.6486625344955
-1125.0572425938583
-1115.4433797074134
-1091.5351600990912
-1173.5401023513286
-1163.1536242819845
-1299.1002370668791
-1007.2458395560344
-1320.436225300565
-1117.0381562608804
-1247.3089004235462
-1279.936508307907
-1032.2034439195024
-1181.6911845797783
-831.0330264953535
-1267.908171569963
-1151.1310597246322
-1243.678514085558
-1255.9531759415836
-1195.81698657496
-1038.4652855849358
-908.176259704674
-1010.8872874976065
-1030.0614682061391
-1232.8146094038623
-1250.6412458477912
-1239.857290698215
-1193.861954248991
-1123.5024596127673
-1285.6211180678172
-1112.469716808191
-1200.7406040808442
-1051.266385956899
-1253.3448334723544
-1219.185793041587
-1179.5324600680372
-1107.942881641007
-1169.691052670961
-1027.333166340506
-1241.1955762497253
-1179.6876208322878
-1118.8401688971844
-1221.8438188631567
-968.3358028568874
-1030.5458838517031
-1041.1129569805098
-1213.7934104325268
-1121.263056544343
-1229.4637973544304
-1281.0662992000427
-1290.5732842533848
-909.9702387097079
-1308.7165655275844
-1256.4012527936236
-1012.2342109886456
-1218.5838972161491
-1207.8877301441692
-1078.037196380829
-1207.0317569641268
-1207.171001058618
-1215.729840779076
-1263.4807717983279
-1186.57787761762
-1135.001463057902
-1239.7426856569843
-1045.5187475049593
-1266.7347170695573
-1068.0750711210849
-1172.1266989238998
-1177.1743438640847
-1076.971169538791
-1085.2883829424227
-1183.055291287036
-1208.6441040659688
-1237.0918966309603
-1000.2127934734369
-1221.6295963238986
-1121.7632530766282
-1119.4430437313063
-950.4498481211508
-1052.0535167247526
-1196.9538829396784
-1268.804350380647
-1280.3496162787108
-1234.496680865861
-970.9371199612237
-1220.5567351552647
-984.007790722514
-965.8692176598237
-1131.5930685938486
-1201.2619333708833
-1254.8707053692922
-1264.05482107979
-1392.862850651716
-1224.9558069183558
-1094.3280348077376
-1257.3460618418944
-1282.4666284761308
-1117.6903083474128
-1085.4540136987562
-1208.2720255331444
-1135.1390465849956
-1190.1749971156469
-867.8853799229763
-1186.399098827527
-1169.196308785434
-1091.4164046276076
-1198.113555842009
-1192.397386822473
-1174.984792435018
-1188.1438461934774
-1251.002574591256
-1196.8194417426027
-1132.4388961975674
-1318.6931405979233
-1078.453635777781
-1237.0803333900685
-1243.4853188544726
-1111.331018966438
-1205.847355611748
-1136.0572572269132
-1204.3669538838578
-1045.0613685799049
-1031.3794311069623
-1334.3789553640079
-1240.0609798155372
-1245.0892465574866
-1234.5166756797585
-1254.1311236519582
-1222.6105330063544
-1167.758236891374
-1089.6120682067967
-1075.2169857078948
-1179.8803620318656
-1233.9195161131613
-1240.1430392421623
-1263.185222373679
-1280.7528998846851
-1266.5066836438778
-1250.0401415974259
-1206.2301220377813
-1146.7438466589454
-1181.8304240535701
-1279.2551125448595
-1222.9284861895646
-1269.1624608468276
-1136.627459653637
-1184.604922364321
-1082.5591424695106
-1174.7514017661908
-1199.6258017143755
-1258.3125535215747
-1244.991556075181
-1267.9619311493793
-1121.0116823516614
-1227.888634767778
-1190.3454444402144
-1237.1188443698663
-1225.321817452351
-1235.0071964048184
-1090.0895386539312
-1183.3932449638944
-1059.5495206808853
-1181.7954679670763
-1239.8452788737154
-1160.5805467667008
-1135.039037787121
-1347.7739018910593
-1293.4471509516275
-1220.8266357180921
-1158.9172625891467
-1031.5000142638428
-1093.4176525027353
-1104.456397591508
-1009.8908696797616
-1261.3883697041244
-1266.2126308737004
-1229.1903018297535
-1291.4323443592707
-1253.4034678566395
-1285.3647967081345
-1206.4082265662657
-1088.8241260852442
-1131.4085672191793
-1206.9170091625283
-1091.4375116949454
-1152.4607271901898
-1208.8630034459102
-1263.9556016000497
-1087.7164027903736
-939.0528101831203
-1267.187925315945
-1138.8535869939387
-1155.2132005229905
-1152.0141948409005
-1165.5409143255351
-1103.811853973822
-1121.7027752891545
-1189.5812867696866
-1064.928971427843
-1195.5579083767263
-1130.492610221292
-1200.4197183040244
-1009.8586121559908
-1222.5835682788202
-1267.7307739535238
-1223.2084921020173
-1299.2324342041613
-1085.7347728945858
-1234.881865904537
-1181.0912476116412
-1250.8595356156418
-1227.6429419873316
-1073.572528273387
-1203.0959717096882
-1090.0993669920924
-1229.3139797266533
-1222.7402942272722
-1069.03737061008
-1303.0955451037914
-1258.8595189254065
-1059.4087381773556
-1294.9230126910725
-1171.6435682016015
-1167.6930841843148
-1114.8729477154614
-1383.1263088540343
-952.1840469603547
-1176.866718582919
-984.2336382884098
-1004.2510331353533
-1061.776070304379
-980.420814631915
-1287.499419177823
-1104.9510273612138
-1111.09430080218
-1201.648580373605
-1140.4774625567911
-998.5783163035557
-986.080241089363
-1263.5412290190293
-1329.9747492557199
-1163.8097228849451
-1229.78345576369
-1261.2003833886663
-839.7117900419709
-1186.6517508755633
-1115.0330068300657
-1128.216155306895
-1378.4553200755652
-1065.392252399128
-997.5392010723172
-1147.4698619457163
-1203.400604406141
-1190.2443517374786
-953.3181886688509
-1175.9218562145597
-1202.783297032351
-925.9615191501098
-1327.8205674660005
-1115.7231258103873
-1016.1656395663717
-1255.0995928853235
-1127.4927314665044
-1066.4290895405622
-1161.8813797871692
-1023.2554792705772
-1129.506521209302
-1183.8425574807436
-1096.2406775562733
-1186.8876686080223
-1032.0630374708817
-1112.8075857987874
