-1005.068254002819
-1235.8250973927381
-1222.4581140561727
-1305.0213433673898
-1171.710143289884
-1232.9794166027864
-1278.138511227031
-1216.0764623318385
-1267.4000904385573
-1273.3863097386368
-1318.605869156357
-1221.8757369379318
-1253.9590012262813
-1179.9427154666978
-1032.810881647051
-1195.5487171120972
-1232.8123118877415
-1170.4810003223074
-1061.7067743449932
-1252.626688565586
-953.5680287214766
-1296.4625286165196
-1182.8821222800138
-1234.3546248446817
-1256.2269995062761
-1189.9897334390353
-1244.2717718998438
-1310.8196834103871
-1349.1348235781652
-1112.3248106396313
-1166.3412578542636
-1269.4144494235818
-1315.773916424165
-1288.817945028158
-1229.6730116317742
-1356.0312671834215
-1242.5164209931702
-1294.848785354423
-1188.507689707069
-1157.0768672648646
-1203.0238709977943
-1239.3424569047293
-1203.7287376931129
-1148.5488171986951
-1245.313341566728
-1265.893557760893
-1160.9869698032055
-1141.3101310850518
-1181.6584828495616
-1029.1387924190917
-1210.2743394770316
-1331.7199043064318
-1160.2569917776755
-1209.7143015264014
-1191.024902053349
-1117.8144469634021
-1258.4142792059974
-1329.2056428915437
-1354.906581142006
-1098.6525411132084
-892.7941215745191
-1313.4020731860037
-1218.5271013537051
-1123.2610634678501
-1270.635291374079
-1191.0440495082748
-1145.8867029311516
-1211.9643165877324
-1285.7833055936171
-1206.8707608727584
-1228.837385523914
-1169.7045635110107
-1250.1765975960016
-1352.817467186726
-1287.477923077204
-1346.0862898514251
-1166.0285122716457
-1299.0642738995323
-1226.453159671083
-1191.3128176063349
-1261.449439907302
-1169.3429740847898
-1143.1701217915622
-1227.2708720122384
-1329.7114635750497
-1175.3811738793984
-1143.8628692757602
-1196.855672062576
-1167.5694874082444
-1283.902040626053
-1207.5171902870838
-1122.1953482616184
-1099.4482376369272
-1203.3547862201367
-1174.8122462269964
-1278.0035234502207
-1083.0332329128498
-1046.6538345717354
-1157.6203916658062
-1137.7688734319916
-1243.247210501368
-1262.6550636083352
-1298.088992777271
-1218.7345501949915
-1180.116057946346
-1372.907066719367
-1263.6291697278093
-1285.451559676698
-1236.1498447556608
-1196.2054483918378
-1311.2115761044709
-974.6299958309912
-1143.5120301285845
-1260.3947482605313
-1323.5008263222626
-1243.8208380777678
-1181.1015668975008
-1099.2629483442117
-1142.5701325582354
-1287.5084575225383
-1315.9990342234119
-1273.7731196472237
-1338.447381956951
-1271.938539629539
-1227.7060284827644
-1076.6792254159336
-1255.6867201347536
-1294.722717715067
-1182.2260819410462
-1241.8283698207517
-1263.742856294762
-1146.675890657257
-1226.5720769366308
-1134.2266464478002
-1191.3729540094168
-1187.218771215381
-1197.2979866051644
-1165.9424866352997
-1249.4996590237427
-1145.270548657736
-1187.037648764964
-984.6104710937503
-1224.630347862135
-1182.0910714463946
-1169.6128844714356
-1188.994207574288
-1226.122014740505
-1175.3465877364722
-1261.447428426081
-1120.5798580107114
-1119.9032233837786
-1381.3003257218245
-1235.6632425089838
-1232.1969088467738
-1291.3679685144725
-1213.6563625201507
-1209.1485238152889
-1269.9870142948166
-1104.6624636348151
-1308.627957607242
-1146.4110974307446
-1180.1287668271343
-1226.9508487500987
-1273.4678793907997
-1280.296465619901
-1254.5683953536795
-1233.5449214963296
-1228.6458707203262
-1126.39251143836
-1192.6274010755776
-1323.7194825381005
-1209.699994180524
-1220.275344756236
-1376.4008558823205
-1202.7612266189426
-1227.9982320578308
-1133.935860039302
-1193.0001819820366
-1192.463894791979
-1241.2508604827742
-1177.4483977367984
-1125.857726221817
-1241.661995014111
-1168.1600837410338
-1267.4720175784573
-1202.1599534519767
-1272.3653290188
-1232.7324172077913
-1208.7015200769163
-1065.465984593833
-1145.7159334304167
-1239.3650405951807
-1229.770632597038
-1187.1616426072883
-1284.3761152080328
-1344.5544752940887
-1253.2207073776403
-1132.8747159422705
-1190.328340703372
-1077.5600958966868
-1233.0569810229956
-1058.103677577267
-1240.7480538816756
-1274.690608436355
-1082.0260408027825
-974.7193869957373
-1238.142371009245
-1278.2065488350354
-1264.5695573650646
-1010.6633444902589
-1315.687859319521
-1218.558178962393
-1317.1002735620773
-1095.840291283431
-1171.0521944173381
-1269.4396862312713
-1200.5095125123319
-1125.9874900456805
-1391.2400941972014
-1306.59004179192
-1214.2105457908172
-1173.1468226279674
-1076.3843033757073
-1333.170832397494
-1143.0125826335318
-1127.7440332096182
-1090.071021551715
-1211.457981714825
-1056.937543433712
-1279.2113966069505
-1264.4745745367186
-1215.652868987209
-1296.6109263230967
-1205.9296674302147
-1172.06619771279
-1180.3837007323327
-1222.1170154034437
-1092.944881280696
-1162.7764535760602
-1310.140982558344
-1172.8157833407633
-1158.363768760738
-1117.9852001879092
-1204.4060561489712
-1213.286054743381
-1250.5945830312348
-1129.2548976460184
-1188.1402852946756
-1341.559586853482
-1264.0990123022561
-1036.6600544663813
-1185.8818633127983
-1160.7931195812102
-1315.784766403286
-1258.6961149369345
-1341.1231580640347
-1017.204169142979
-911.6865468183876
-1248.4857149595796
-1329.5738904417594
-1135.4739642960517
-1212.0986765844934
-1229.566477035427
-1205.3084565057284
-1295.2534548013698
-1112.165727878018
-948.3004637773623
-1245.2169050530774
-1268.2634596279963
-1249.9271201168733
-1162.4117269941328
-1291.8331936049253
-1175.5933934824368
-1152.7492948103604
-1101.2517182149277
-1147.732667328995
-1263.6587756414851
-1246.7612470735485
-1357.9657126153593
-1109.8403870498034
-1265.9803994239276
-1156.8339827205637
-948.2558626267444
-1177.6551837219758
-1310.4466548098133
-913.8529651089146
-1059.1038016134337
-1184.5236762164102
-1265.8276035583835
-1306.2449259492244
-1058.7123050141975
-1306.5310224592313
-1141.865696063294
-1350.6239899791412
-1326.384919768713
-1171.7182670755071
-1263.9465136605916
-1214.757987364038
-1105.8135979479266
-1161.4228492987825
