-1149.4660834930348
-1178.6809802263144
-1192.9922655088444
-1291.3743514021546
-1256.333454625571
-1267.3523022285563
-1259.9777292532958
-1270.7914819735715
-1274.579358450965
-1317.990912697943
-1329.189723504938
-1286.4782088485156
-1244.3229539877834
-1259.1443708403783
-1290.940366045044
-1274.566470728631
-1269.8656815750123
-1147.1663078846252
-1200.157058436871
-1159.7148793145204
-1198.5814037695939
-1088.1535684397068
-1257.411361781876
-1312.3896090563157
-1303.0715093570298
-1303.6189564290078
-1217.2101807890595
-1310.2348655588569
-1272.1535124786474
-1136.2406465768001
-1257.5863983051686
-1330.717399202076
-1253.743880929625
-1303.2583936593553
-1246.3025994711045
-1307.9606316866477
-1163.6310182026123
-1319.9331224592358
-1255.1544969496526
-1335.6184318126789
-1129.6023641519055
-1131.3140161107483
-1187.7623266699677
-1099.39996673788
-1241.92527074194
-1331.2836250265134
-1312.04304126822
-1230.8088642475368
-1074.1175130041797
-1129.105357201606
-1265.4242916634373
-1238.5714583566976
-1335.4668601768826
-1213.8035985945091
-1184.1144939068693
-1111.44568415955
-1330.1033897896396
-1016.4385303368032
-1328.4309455839561
-1128.5449584838966
-1272.590713125231
-1319.0885604154262
-1166.4619453051894
-1286.2157335224715
-1236.8645256816299
-1324.0481886382859
-1076.3616383215233
-1331.3784754380326
-1322.9893140165477
-1166.4113571919522
-1250.9427106967157
-1183.4747655351464
-1166.4933166344888
-1215.91815931327
-1307.5722542596634
-1306.7215086685135
-1221.6962124568922
-1277.0327141277621
-1293.902410821678
-930.3766633178176
-1289.3345985725068
-1265.8991223889248
-1355.6554906179542
-1137.230065239551
-1216.577831154527
-1144.629274916772
-1236.4663529931217
-1299.9299369449814
-1190.1739866643852
-1138.8325922344068
-1201.032989376758
-1279.5514285572071
-1256.3002666374216
-1279.967935910589
-1225.2014021743341
-1318.240667053026
-1205.7323726825343
-1162.155559010994
-1061.9492053050885
-1137.544599109056
-1139.8219385516522
-1309.8787997028876
-1308.1329638764466
-1233.534698968756
-1260.371215617673
-1313.1069552848617
-1235.5775621471093
-1100.4076206426694
-1075.7452746851202
-1232.103426850944
-1060.9894856935118
-1325.3561374884027
-994.2074290052574
-1250.3562940084569
-1204.4324978304724
-1237.6759199539792
-956.7712696044531
-1246.5932196072774
-1258.9279562515485
-1310.7734931685593
-1203.9628615856632
-1345.7781668164625
-1175.357252336255
-1223.1273405457518
-1348.7019563143672
-1164.605722529456
-1206.7055295848638
-1144.2702570344036
-1212.0309462370612
-1236.6152045046688
-1288.799952302166
-1207.210698330848
-1275.2391068773027
-1217.762371122292
-1215.540256329231
-1130.9138458109553
-1204.2806614952926
-1169.6369225410024
-1273.0401212906295
-1158.535423432712
-1170.9653298172846
-1207.256659160568
-1160.307376449723
-1189.4595793377057
-1294.62322425208
-1269.043035669813
-1269.831901059209
-1210.561219572415
-1289.1608653063518
-1203.9789994147409
-1212.6760361581137
-1276.7821126857557
-1256.0167980118708
-1264.126054813432
-1257.9461814776155
-1191.605205695105
-1228.2475743829668
-1259.5265033504204
-1087.2176548049324
-1332.909529245039
-1145.8853046922954
-1263.2913063224316
-1215.3974015289564
-1296.3741341776338
-1272.8147794805118
-1257.2782012463997
-1247.0785329275318
-1170.9723000461183
-1127.7955164352693
-1227.2829498033357
-1294.116757854574
-1258.5397291822787
-1279.8048773307828
-1244.944571583605
-1261.313594316382
-1254.082488162532
-1185.864484896249
-1232.408822828106
-1194.7299096374688
-1263.2437230021146
-1234.6526740044276
-1140.944444826332
-1173.7579655686707
-1230.6446477459558
-1280.1187920615946
-1245.479171012559
-1316.1698515659416
-1066.9278233934797
-1159.7151249432068
-1034.8624690151225
-1191.972737619326
-1212.7388489019825
-1243.7417782132122
-1337.6247803790843
-1155.5886375288048
-1348.5127738225851
-1288.136399982236
-1199.0423510437552
-1211.003338806665
-1038.6295063044242
-1112.2783638572403
-1295.1902348953056
-1202.6058715003323
-1215.8157277820062
-1253.53350607161
-1334.4490718255013
-1223.2884076280748
-1176.3693981383685
-1199.6869382640018
-1034.8565941202148
-1075.9540011353683
-1314.3708128562905
-1328.9595745570864
-1256.5147415633783
-1153.3907873956252
-1174.4419483154243
-1270.0911142404539
-1186.5790523967755
-1153.988049016454
-1169.054178767195
-1204.4770924008603
-1190.0902840154515
-1163.4279233001096
-1062.4938259006844
-1194.6320831462747
-1092.501157462376
-1141.1289048371102
-1119.4884209833915
-1193.382199924568
-1294.289365205113
-1280.436234224423
-1277.6973049066428
-1284.6300266157414
-1016.3723226073329
-971.2670416869837
-1129.3945258174226
-1193.153582857069
-974.2851046037343
-1207.1608823427873
-1240.9885515420558
-1358.362054201442
-1149.731172104499
-1118.4469197214676
-1190.2803665283075
-1262.9284180368754
-1355.8438347373713
-1262.9587360237533
-1256.0867254313462
-1149.939223602752
-1330.250063722607
-1091.7401534921735
-1139.2046194740778
-1182.5475570721064
-1266.0141474949528
-1302.8900989689691
-1366.6583985798013
-1142.339850697091
-1267.4406778670025
-1286.6856967080162
-1040.5762010760197
-1328.9860201579486
-1127.3846522689123
-1123.8598470482352
-1108.689699079616
-1291.939687396097
-1010.762337978844
-1069.7719759947568
-1242.5207800579592
-1155.6741878954879
-1225.7532451200893
-1122.5056784858998
-1275.156854739206
-996.5424724160322
-1132.7936648129266
-1178.5397032035537
-1198.4100919317048
-1271.6814846185007
-1310.7769667003438
-1286.2922587827602
-1128.083962722858
-1252.963588748912
-1207.4659146358022
-1038.4077809206735
-1070.3906898338225
-1304.584377053136
-959.5841173941152
-1048.8665554536262
-1106.59829398286
-1276.6336691412455
-1247.8325531665755
-1050.0631171951852
-1196.3641946685464
-1244.0951303031604
-1280.1315953441917
-1255.091970986961
-1303.181370447643
-1362.8474079695686
-1213.873449310026
-1265.4805951866213
-1147.6727792328845
