-998.299140146174
-1293.6204764838928
-1206.4671589361428
-1303.4849525569994
-1212.382461464537
-1201.217287054173
-1258.163994613401
-1238.4243393594693
-1207.2998043024816
-1120.5688683473463
-1092.2647812222144
-1325.6074282831953
-1268.0744110631142
-1263.6157767437478
-1350.3481538863184
-1185.6733392860301
-1275.491369320988
-1142.088386665474
-1197.8138123939436
-1238.5491498712693
-1096.3123360730483
-1295.3797037456382
-1297.900505174409
-1196.4044320285134
-1212.1281684905164
-1203.583904086276
-1188.5940661962225
-1187.9963384210994
-1131.9540058737618
-1120.0545718159829
-1294.404274042635
-1208.261601915477
-1199.6175995270207
-1315.6895487855543
-1154.2214504399142
-1093.0071191242819
-1075.4445418820055
-1349.2939370808451
-1238.0670072521946
-1210.7095237292947
-1326.8253639756233
-1271.268704012821
-1257.3833777914522
-1137.4289905942712
-1212.3831322034405
-1291.8284283350818
-1148.8506558656068
-1133.3912026663825
-995.2390918476702
-1142.3097160942018
-1256.7106488503243
-1334.9045518063056
-1017.6785219898757
-1208.942815723271
-1193.2460557837633
-1132.5285341015187
-1054.8467598471402
-1171.660085547535
-1242.0251385458869
-1096.3779407290192
-1186.9054763294732
-1300.3305222102183
-1146.9121914127509
-1062.2806687483387
-1246.7345762776285
-1182.8526485052541
-1242.982767575462
-1218.4170955411942
-1129.5950179554352
-1209.9115773513379
-1320.3072580060891
-1229.0158759719538
-1356.0319645260508
-1242.2597428230165
-1259.6230594230792
-1214.4395111290157
-1108.0362577545643
-1196.1915871642118
-1266.020333779443
-1193.7176650982838
-1333.9886426183325
-1027.1794289776583
-1219.604516118621
-1120.7466330106583
-1237.3284143136427
-1163.2806139523602
-1263.6416716895133
-1260.4335586071957
-1109.941822748419
-1185.6559464943546
-1210.3336512544975
-1241.1128800927463
-1360.8560517652145
-1261.2575955268985
-1272.1856649130636
-1093.2046778891954
-1232.088961072696
-1204.0849576764017
-1169.933866631344
-1168.5058597859693
-1296.6527942939251
-1250.4965441411498
-1241.4264866863023
-1242.307786454537
-1230.5848312154687
-1345.5631141571248
-1012.7238205495514
-1221.991143616688
-1325.5251621962743
-1242.9481989675112
-1277.752905520262
-1178.51500486118
-1146.0450483852655
-1271.4661124949826
-1217.3453504899023
-1154.3425180785578
-1222.5555249284278
-1274.8991947917318
-1102.6993807327856
-1328.7481535157976
-1413.925705057062
-1338.1725207848845
-1177.2579960725827
-1249.6644481590058
-1258.7501869012865
-1142.2457807081264
-1268.3009889910581
-1226.0801405607058
-1194.645110370778
-1208.605360876438
-1335.3403971742082
-1199.6653136738435
-1219.352396908334
-1071.836631215522
-1182.6505221910202
-1191.017095702353
-1185.1623329738093
-1190.064450574226
-1248.0381512704976
-1190.9469649061923
-1161.9785799465233
-1292.010910980102
-1043.5484012656875
-1174.6437776022804
-1084.7785006389659
-1180.0508519800842
-1241.234109380058
-1090.2818181424636
-1291.7488267481076
-1195.3822485320823
-1208.2588037023595
-1298.0249700432119
-1243.7832954628386
-1244.2017143350208
-1304.7554704927338
-1240.9998163865068
-1253.3682061142322
-1297.9525451405789
-1118.109159788481
-1116.2579244932426
-1271.6956091601592
-1139.5645558881015
-1236.6567401839557
-1274.2728901591647
-1282.0295651528968
-1261.1081417572666
-1258.371132079252
-1219.797793454031
-1162.4236130838437
-1227.1383155051983
-1300.943963320064
-1202.38532565413
-1282.4942911306493
-1256.9591024177848
-1248.5180205845222
-1206.0510894920726
-1155.7700190464025
-1220.372666233503
-1259.1577291451101
-1245.7257944695907
-1190.0754069269385
-1108.184009149532
-1203.543157851944
-1196.9831698100581
-1255.4302971076559
-1234.0272125004938
-1307.3861473473808
-982.7978630772758
-1187.0397974526607
-1078.6391638062712
-1145.2004506470093
-1225.7944023423122
-1185.8899455771639
-1157.3863023186602
-1356.1082325246643
-1308.8417523947915
-1279.232063109671
-1141.602036352619
-1305.5304654175611
-1090.6492968173368
-1050.233826945038
-1171.9102508938904
-1216.8253838412475
-1257.9127245202603
-1178.7756910550188
-951.5159236556904
-1254.2031282929554
-1127.2694576074277
-1249.0588459151388
-1262.0917838666667
-1129.3238636971594
-1238.2982571964653
-1276.4714480690577
-1218.2382402156618
-1004.5992921237473
-1050.2827074673203
-1257.5166401828164
-1072.4777394075613
-1178.8587667728284
-1067.2306768040887
-1201.2961558056188
-1170.1816226890228
-1178.3812285516794
-1200.3452882256854
-1218.6471020536026
-1187.8098624878614
-1061.516231832854
-1169.3250602217815
-1139.4060225125968
-1208.7034388522345
-1318.010511170338
-1203.4944859163631
-1283.1646169700684
-1048.8801713715507
-1191.169248730163
-1059.4055935597798
-1224.715942973619
-1154.6964613352986
-942.1221975012146
-1320.6734676378458
-1245.8510837059077
-1181.0070640199626
-1130.3473491541486
-1202.7673564871932
-1272.9784190556352
-1073.095333596169
-1196.7005328858731
-1263.0479092188225
-1325.3057931902015
-1255.346819441297
-1146.020243728584
-1158.336238111027
-1241.4855601851416
-1240.6832806065504
-1226.4069043261543
-1343.4504645952034
-1134.0424832547485
-1110.0812144971967
-1368.4301656912025
-1055.3492032018444
-1252.8697809370149
-1145.1548995647145
-1208.9140409668612
-1303.3503027493307
-1240.3297564295306
-1100.6581829936351
-953.5296998030014
-1252.346186135703
-1159.3302599395429
-1368.1959152948157
-1123.4116518580663
-1240.5361494444712
-1190.1519531165306
-1141.1330753244492
-1017.030100637772
-1105.4132210925552
-1280.785025720076
-1287.2930620044324
-1145.8470409946713
-1141.7488777966441
-1261.2410613442332
-1177.4403727171348
-984.4476557773467
-1225.0652671994944
-1298.9685761467338
-939.9219209748953
-1295.9683895084386
-1256.557555273236
-1269.2618847733172
-1296.3525997187432
-1077.707116363279
-1141.7674407468915
-1206.0762493318477
-1349.4070295721024
-1287.302645049705
-1301.2326579919538
-1118.752521655525
-1162.6133328173294
-1105.1847963601658
-1068.4816631870501
