-1211.9844091847835
-1318.3100877358704
-1131.2693238568163
-1320.6656335956413
-1185.8836996901164
-1195.1312541605553
-1299.5380187937656
-1188.4350257417855
-1284.4616660828567
-1302.142802767835
-1300.8269611352391
-1050.647124951297
-1155.0626636039842
-1218.2339623955766
-1176.8249418371404
-1100.4300705385892
-1246.6717071553264
-1161.5664242847977
-1152.4348047183448
-831.6779001209311
-1272.4338209551133
-1207.8057206494284
-1256.1541224450818
-1334.3117068313882
-1347.0390336991914
-1274.1289805410709
-1128.5970692814403
-1251.5846244372237
-1169.4219900226108
-1076.3618288232842
-1313.8210024008529
-1308.6845213765844
-1168.6596840746006
-1327.5558176023167
-1085.563890733836
-1292.4814947334437
-1042.9169169688507
-1308.228290367851
-1178.815401586127
-1301.3706212665156
-1163.1283431168401
-1074.1321461620241
-1199.8632691706523
-1126.4916726977722
-1218.7048617828364
-1239.6346214238663
-1310.2412492104713
-1153.9732809543011
-1170.9181421944697
-1099.3506395391928
-1254.1647716549826
-1339.4204986933298
-1244.9504546098663
-1233.504490092977
-1172.0231414163602
-1140.0515913965617
-1299.943406628401
-1265.1881962572998
-1268.8011363405903
-1031.3339377365191
-1310.1822980504708
-1277.7824631011852
-1089.813503148684
-1309.982003343842
-1255.0461416127987
-1320.017602111237
-1229.5898662292009
-1076.5533735889217
-971.6785903339925
-1177.6691450701535
-1021.9348969324432
-1316.3839765783894
-1049.8142263819668
-1294.8632397047688
-1254.7526391330712
-1269.5537594298964
-943.888779361584
-1217.3857771569117
-1179.274647133572
-1149.8747391445875
-1293.2167487931347
-1197.7081578811599
-1233.6427621905007
-1202.5060142643526
-1197.1560712662492
-1195.2368538993824
-1378.8833740097973
-1207.992343323731
-1193.5545479642951
-1263.7785125925025
-1225.736881177997
-1301.0412102539917
-1153.689125798708
-1334.356236462275
-1135.8531376509216
-1302.668279964763
-1095.3154083203758
-1200.1997216815062
-1080.7535786615429
-1167.710771062594
-1379.9272943880278
-1297.7324216695717
-1180.0097397949928
-1233.7855324649684
-1174.2494199758146
-1169.576437962644
-1310.3452184728008
-1355.0926066394925
-1028.1739133694193
-1224.7683512830831
-1184.1919252616797
-1255.8545730966866
-1065.2564952079338
-1192.1566362321248
-983.266725474262
-1277.2843707397014
-1207.2034712656605
-1101.6312726385095
-1243.111052426013
-1205.289560485262
-1259.9514484069912
-1258.660585054627
-1251.783030225136
-1230.7068413516372
-1236.0162594601154
-1145.4077000344337
-1032.6329234160582
-1210.384915306613
-1142.8705893084896
-1185.9568824107741
-1135.4849178580637
-1187.2196968537405
-1206.078883249034
-1066.1761065388812
-1193.4807871085775
-1190.171352100899
-1207.582849423975
-1194.9755487223472
-1220.3129844844452
-1200.3604536528183
-1285.8764377817383
-1076.5354265652982
-1097.1821523384435
-1230.903574887338
-1220.8799475760466
-1168.10569485034
-1221.1496170278529
-1153.2400384060516
-1257.8774200847831
-1234.0327286673619
-1121.4417638582563
-1280.8503439351643
-1237.2967081825198
-1220.3216268898877
-1245.1723940488293
-1070.5221714151019
-1230.058101738309
-1247.4090195825283
-1137.389318242786
-1111.374152378508
-1251.5366131954818
-1263.6372803757372
-1212.790938570633
-1283.4435350533126
-1278.508199620153
-1249.9346522223739
-1228.1554134270853
-1209.1622275580728
-1170.9258745666875
-1183.3205701827019
-1285.1460259814364
-1260.2704075434076
-1261.790978313216
-1070.9992201961916
-1225.850486296613
-1223.0811609670154
-1157.857927684324
-1259.8165141250736
-1184.1042584858667
-1214.440347645703
-1221.5713853508248
-1119.7214135259862
-1193.5540778874624
-1219.6587732415535
-1285.077777875454
-1204.6030955144388
-1237.6630103313369
-918.3299755306649
-1135.2292210300216
-1040.8298012956418
-1088.956383593019
-1207.675572532092
-1216.0224899724121
-1099.0817327399634
-1318.0494426160415
-1345.1406084767837
-1281.4834295780333
-1227.4577246848257
-1199.364250390228
-1098.4638480565688
-1059.8328641531778
-1271.9930592421385
-1212.841856656788
-1228.6949557869482
-1317.3143659257394
-1053.2720418723193
-1181.2952426430002
-1194.1704892665302
-1137.4670134217058
-1061.4503876637796
-1339.0665674697102
-1324.928017412475
-1268.6872459162478
-970.4942370634143
-1067.6293555648792
-1279.1700051354967
-1168.4237736870334
-1204.2691961473797
-1248.6042662056932
-1358.4535060544943
-1179.1915646821033
-1188.8341479560636
-1173.7697190451456
-1218.8764223443616
-913.4119543032295
-1121.3106194161232
-1060.6427268890322
-1189.4290505625625
-1089.7283563214921
-1134.6538138502874
-1246.6769283873175
-1233.6907065961877
-1311.8715724045396
-1277.9896551299398
-1057.1275028423502
-1139.5151968395244
-1230.3515281661635
-1132.1522280106478
-1232.3363308886028
-1227.9874787940207
-1281.3355875038367
-1226.3794261373162
-1154.5247154631666
-1182.5093772636417
-1231.8793814624842
-1383.8291103514687
-1140.384214196664
-1175.0253254465356
-1228.1247243038545
-1258.3577857053072
-1230.7049770857511
-1177.804078093084
-1256.980384614282
-1269.319252206671
-1199.9785261204386
-1114.3197130231251
-1048.34579050925
-1137.4884873899853
-1332.622245859664
-1255.13700371196
-1102.2824010348975
-1062.3953273927214
-1140.866728287316
-1343.9525610002934
-1155.263394007173
-934.2485233019635
-959.1267783661777
-1234.5684952721292
-1240.9993435432525
-1179.2450613400474
-1112.6724831832516
-1167.2381641874479
-1001.1733972990783
-1150.7664125841652
-1185.0530699390272
-1200.4838383119618
-1251.2564234996848
-1228.1891482719698
-1297.0152718636457
-1113.6667123054658
-1057.8576877222597
-1142.928269710291
-957.8936597419907
-1161.1451359586893
-1319.0371120582017
-944.0390625235427
-1095.6537688598846
-1188.2583057510326
-1247.2916576447042
-1291.6912344792936
-1128.7671685638002
-1258.852251013294
-1201.9115019795947
-1229.5724375728432
-1296.6935423227574
-1349.8898274701053
-1367.5694622324165
-1211.9185136697176
-1221.4613918632679
-1178.2512703348268
