1345
1083
1518
861
1274
1045
797
941
1273
1228
1566
1254
1174
1358
1305
1530
774
1075
1281
1353
1092
1381
1260
1526
1366
1427
667
1703
1292
1162
1294
1533
1293
1297
1169
1236
1186
1346
1251
1282
1389
1324
1360
1679
743
1399
1232
1175
1256
1241
1365
1434
1300
1010
1008
497
1479
1432
1346
1685
1396
977
1384
1210
969
1228
1280
1361
1164
696
1381
1106
1285
1125
1218
1202
1284
1518
1301
1574
1323
1336
1338
1427
1264
1328
1207
1205
1323
1314
844
1133
1235
1357
1206
1154
1196
1362
1234
1046
1163
617
1292
927
1421
1364
1161
1300
1417
1037
1309
1419
1336
951
1303
1209
1230
1272
1032
1407
1270
1283
1147
927
1362
1385
1223
1327
1184
1334
1137
1112
1044
1187
1154
1088
916
1229
848
848
1266
1213
1297
1035
1047
1106
1095
1152
845
1341
1296
1387
934
1304
1271
1104
1241
1352
1547
1463
1208
1268
982
773
870
869
564
979
1895
984
808
1168
958
1452
953
985
1111
1094
1021
1167
858
1301
918
1168
1024
604
740
1007
1430
2200
1487
1277
698
1307
1412
1425
999
1277
1235
1393
1363
1260
786
911
1398
1210
1378
1271
658
1352
1262
1202
1243
1071
1380
1072
1341
1152
1361
1240
1031
1059
1246
1208
1169
1701
743
1215
1121
1184
1444
874
727
1430
1125
1440
869
1418
1185
1305
1416
1120
1223
995
1160
1355
1093
1243
1263
1394
1069
1244
1459
1216
1228
1148
1611
1209
1306
1229
1367
1298
1171
1467
1445
1290
1399
1329
1323
1270
1231
1358
1307
1323
1416
1265
1271
1367
1172
1320
1209
943
2320
1226
898
1574
1165
1351
1262
1250
1470
1254
875
1144
1380
1291
1360
1025
1043
1174
