1322
1057
1313
926
1209
1055
816
928
1295
1225
1271
1129
1256
1336
1326
1255
692
1001
1337
1277
1030
1275
1426
1247
1481
1253
590
1048
1094
1265
1098
1354
1490
1256
1368
1426
994
1340
1440
1395
1202
1645
1261
1419
838
1325
1302
1229
935
1338
1211
1346
1296
1021
1101
445
1376
1406
1319
1716
1195
890
1260
1276
964
1261
1223
1365
1309
709
1231
1194
1279
1227
1359
1302
1637
1222
1337
1590
1353
1379
1323
1280
1332
1434
1340
1187
1266
1130
879
1284
1235
1346
1068
1384
1179
1350
1259
981
1199
664
1284
948
1412
1361
1430
1376
1279
1044
1343
1109
1122
960
1253
1296
1334
1242
1076
1496
1393
1303
1222
922
1227
1379
1387
1381
1314
1259
1145
1100
938
1217
1160
1072
892
1098
835
859
1368
1110
1312
1023
922
1055
1183
986
869
1460
1328
1263
975
1299
1399
1240
1272
1332
1680
1291
1217
1340
930
765
913
876
570
982
2105
1052
859
1103
1347
1255
991
959
1075
1137
940
1177
939
1326
962
1209
984
579
706
1383
1449
2299
1516
1159
654
1282
1296
1367
941
1326
1506
1344
1393
1287
750
950
1320
1402
1294
1294
655
1269
1431
1347
1278
1192
1415
1394
1285
1361
1173
1234
1096
1078
1221
1289
1480
1583
719
1377
1151
1080
1218
888
779
1483
1326
1331
828
1283
1082
1283
1380
1104
1151
1038
1099
1143
1263
1315
1378
1371
1006
1232
1094
1214
1297
1109
1499
1241
1411
1311
1407
1179
1408
1371
1154
1356
1322
1260
1175
1212
1279
1353
1318
1324
1219
1305
1176
1383
1154
1110
1396
855
2369
1238
881
1542
1400
1336
1326
859
1344
1290
930
1537
1256
1386
1214
1046
1210
1014
