96.14908144913525
27.251771368275932
110.10604911281186
21.862625908425862
42.14976381925133
43.15829083889364
24.276013992257045
32.71002492753408
40.008196067009806
92.984075140339
73.4355763623867
91.9175374900579
58.99425217482989
107.4191966927415
111.56142197988035
90.76758798444405
15.215493429428529
47.79864198183259
71.7013414041728
107.06285628088426
49.92478862231004
107.64348277325395
115.7173472622947
82.07425616687883
77.47886301045581
86.24623693482218
9.10565989700129
28.339167209840397
112.41715811625224
49.959112249861185
95.59373735536606
77.24355852586703
114.24563771254857
88.34760765282718
106.26837954558113
81.28304067938173
67.66549533672641
114.1222841588154
58.6866208021124
85.59832371065805
52.37652136753626
100.50697415224653
106.16443708271548
91.04678185161211
46.6756796147339
110.16780996374857
88.39735471404869
53.79915658906946
84.38055855165823
104.12587133883048
68.08012656838812
94.7434477810912
108.05669009980065
31.393105867257244
46.68933262230454
13.546947580555264
87.24883791351851
96.60426319085147
92.05497728209474
88.92454820508706
108.86055930163208
28.226287706524385
87.14509428316786
99.46564968196216
47.131402523795074
98.45700412201839
113.78099885851032
116.40612722194912
98.64035844828834
20.888887258211813
86.11401923522673
86.47164517637752
116.47103538908554
101.98922023891954
100.46201827105253
110.28775486716381
117.90304842131178
117.08351183422808
106.40185475681646
113.3903733881865
102.63918590700278
82.99060738915577
105.53804561282445
71.94669225178235
108.74031028204688
70.10794047250758
93.30844989222086
54.07598918240959
95.06243804822313
92.21381287663732
31.946318396830275
97.98090728725067
102.07400460946417
93.07167729513249
99.3521740798326
91.59369030583764
96.22375606786083
67.90348502624835
51.51911015371119
21.325794048228772
98.66126867179769
18.3598551461388
92.7837815397775
38.49529517052158
113.75253585001083
100.47062747348707
116.66008282061837
106.74977835498582
109.04371903366017
45.01818131490242
92.89380499218693
112.1222763254489
87.30085825528221
43.96555296805255
116.50144560766844
88.48194454726101
97.900086291143
88.33698382136241
34.97926279738984
96.73542217275414
77.67390023580927
126.40556379703243
90.88081681340714
26.640941305242354
108.63377344018578
68.48684634135103
105.79060763296383
107.22790829385431
63.86306443198245
73.30336174154608
102.14687139112056
61.73713415602776
31.56152524458872
83.57695834868227
65.86581807508492
62.13591264051186
27.38582377756906
62.103465403990946
38.96528188994688
23.887339940477982
71.46187385809014
100.20448864858493
73.7319031774636
58.371116256498844
44.515708480030085
73.74045465511006
47.955173593723764
60.05173772361457
21.36391163459598
106.81159963975804
63.68774949288209
111.45285738039352
47.596427275214374
76.05014638530328
126.26980157113779
103.33519482229732
68.10423407922235
111.95179843773667
105.21007656640064
91.48191801570991
87.26652558814263
87.4784928438434
49.35882009552625
14.869514823759612
30.734595611509423
31.703878269671808
14.58184419887147
46.692760538877494
104.4316043825033
54.69437401591536
29.05783179159358
49.07779766461339
31.527214373724465
60.43914297647891
26.357309124170442
27.163442160384907
60.453552194924754
59.858573066072395
38.82919955175847
44.60660211185733
31.103168510857405
84.6048707074607
38.91669827402954
63.93716783737403
46.85220514113106
16.392956032376084
21.19722091579693
100.9036420320462
88.30249948315873
154.30346062095225
142.5584804401293
60.61682047349693
12.775184754237817
104.9885641937222
80.72064425350742
99.02911702181471
100.41026189287167
108.338307987565
93.22851459658258
133.67929321214075
110.8102591955333
113.19258440759359
18.819919311307643
29.665468381121983
108.52744581202526
120.69640646915612
136.17984176535725
110.0816432482605
11.535569519722971
95.2129639425758
100.40356219849758
105.44411021505196
103.14955219956764
110.94252965836041
106.73959128109955
94.80859865653912
79.8161448494906
114.87326855743159
85.36011441114468
84.35696152050242
45.25207713869431
24.907958636447038
102.28935515917371
121.27844313436506
104.97129644464091
118.00109369756777
26.62074424023396
85.47844405963902
69.28316480653432
101.6383041535883
94.05495181593994
22.73612551676541
17.88391839726722
106.40957879758128
95.56087180454837
121.61998075106861
25.43850715434578
80.38242931909467
106.82593146449368
91.22788237518438
123.40892921577603
48.55539547778784
58.93627894965574
44.57816863956504
41.74853140148156
66.25651751093898
104.65087664042619
56.21819728163298
100.2528443499855
94.84620773415253
91.34472792476558
66.97498309041491
92.16065386346146
85.5271558771738
93.02038362637732
95.8734177811324
118.15620569347388
110.98288271002652
106.3329910192544
85.15940735828758
125.79509166668124
105.53273480813652
100.99389928298625
94.87133887974935
80.55771823318149
96.61204578881566
103.64841999843108
117.2353644492484
95.28182198014481
91.61534944797621
88.34650758741061
77.85682709910398
113.28094531501691
74.32742530921978
70.15095260654749
50.13317116618878
108.55080537726846
98.41600262450744
115.57501683181907
102.91510105458225
109.74892562660266
32.20524815786972
141.51439194789367
38.89594543376646
18.620462603310237
145.2413782145256
110.27765798093421
93.8553955136529
86.06264930318504
92.19208177119795
67.58785661078343
109.7340622907832
46.363787917759176
98.19175755654449
82.97823646277253
83.19951420877602
100.67409206827355
53.380647320462124
84.65080456330003
100.98826918925164
