129.55983918840937
28.90916943469653
106.21035602217434
24.289481968553144
43.11547363225057
42.02823936750837
22.466384012731982
28.686499681488964
43.865841629362585
95.59862560027216
104.46185987690244
78.48624056259705
61.87106178109071
96.67203671041713
116.16943346669653
101.3621604363981
15.934754357118244
47.321600678877985
107.88525160362369
98.53624384148478
81.68937475868036
89.26903155077564
98.14935154468449
86.30986231765411
110.60095489099172
86.32566252466087
8.685147652006858
56.67712297065789
79.83728678987087
56.42937593892296
80.20804974871746
89.06436148296595
120.48198046799732
93.03267593114647
107.52850777267977
95.64341264741113
65.05247915946768
98.93393851980649
113.89841852567719
100.38361470785945
73.98052402240363
126.97356203396565
93.93912404305584
110.2725451789018
32.251916650846866
94.94452374009471
104.58371436356072
67.90241770139507
44.95866818496527
112.39787055176576
91.7570271330293
101.0120994132217
105.90537308058215
30.863352445162064
43.64393518410456
11.96521151957478
97.99564764387083
107.53547190690384
90.56669445813101
89.96790277738808
88.59492679048203
31.403957729786633
93.61260705532798
99.68929634860187
45.917909054567346
106.31012843517095
95.33896271227428
96.79937381803947
104.72251603199737
22.548658749279934
94.51248241260359
97.95180177309335
95.03609474769276
89.66082570715625
106.04979964631443
84.06874547562221
100.93570137423166
71.99385909980087
98.5449745107052
117.23118721565949
91.05226111445741
95.87944907941262
99.0175505771214
72.52011567295047
109.63641687195368
71.83638412205656
109.41211856176528
56.70219847165067
90.9844906521188
86.36455403696017
24.938099009242432
109.4485973449458
107.70485431303554
106.05703703528502
83.11218838982052
109.81446306442596
78.66355031512657
111.93779654056193
56.034847573074934
22.35981056228059
88.64965918021572
18.169975106903614
105.62353605038818
42.10345295783973
110.82813527555572
102.45219568963874
106.6462400393052
106.31332965686659
87.00469649889904
43.4670877171915
86.98370373051736
84.53428325633296
81.49519806913636
41.596647648831635
92.97894958536405
110.78966217894418
104.62918894909136
94.81907815080363
36.652109801638325
126.00946964733203
102.76519487336505
94.798011233862
93.00630810125388
27.008753172237242
92.37685905845625
66.91140240858742
108.14593644765601
98.54175829689466
66.2760611089719
81.50425254460755
79.68739661913598
58.88241992886012
30.036830930154363
83.46178569283786
64.94608170570953
61.124699714544775
28.505490875186137
66.21381188065054
44.69135882727237
25.46747116937401
106.41381779292892
88.16356088346848
97.03641785086438
59.45845968584795
43.77874358142119
76.83869420689058
53.47421034881227
58.103618263364204
23.24580221637823
117.17227287802031
68.05233142921941
87.62967430637656
47.61498921640678
87.70433230702868
117.7629482460654
103.94958187940723
77.89130876705816
101.01672943170858
115.5094375322852
99.89225844384053
85.7673528507833
94.69767618900356
46.334187678938356
14.720093907732256
31.138654358164693
30.344439915540345
13.988270394882493
47.121040481583606
130.92830649394142
56.04036119096867
30.366452600645108
49.106698833070396
74.81021731069654
85.72982929143936
24.639602730809557
31.935518162941367
63.79680475988415
64.43006592343272
36.88040764529679
48.842658431302965
30.64896350845232
78.04616873960897
41.09671804699379
61.4606762946449
48.344333593990676
15.184195428193222
17.500768991497406
108.23738802360478
90.56092683283612
155.10398054946373
146.36967661541203
68.59851598229776
12.182234006051695
107.09980305906204
95.81078847863589
96.37694057298046
51.62520225676488
105.97669908736637
117.75666850070566
132.85261610575319
111.97960689585358
85.24769861073037
16.47644736989542
40.988259003165965
113.96123530548978
120.87657395679379
103.84715176811258
103.18911357911712
10.764465757022341
100.22767065466289
104.30511034436971
102.95055144254012
87.39807086105388
98.13067075166401
108.47204212678292
109.78676753215984
93.83834947038166
117.87994331276609
89.50722134117831
79.20118452332284
51.588266724075545
26.81870716350028
96.84929089501202
80.0642345587043
119.48131128502551
120.09648183043099
24.12465203471677
83.21870454026752
74.87254689822552
83.64149560807554
98.94992262843759
23.918540926227774
17.52456517581287
113.03001858663293
108.3227086096468
111.66221259222368
23.19481026966505
97.22600370433321
77.57871453311613
73.4368422732122
119.39093607098836
54.44006833752972
60.475798952464764
45.95461823569835
41.543485331824655
49.85374615853508
100.3901658787987
61.06171302419962
104.36931328003287
104.68915824289158
48.16234519324663
69.84561782791322
95.2035010234525
92.82569497301189
95.97087823445416
87.33716352672695
114.76934684278582
106.72816545813049
110.8307590091183
95.54341506038634
112.85666798399996
87.2310054313215
109.00329652781657
104.96741773003458
75.25632492552182
100.09030370961861
108.1230728390306
99.6330508926904
86.64180680861088
86.95197566043986
90.55463996391812
89.91654052480078
106.93036984960035
84.696063618313
74.61400260070363
52.02711779389197
89.84139976692096
106.06495555906922
96.5423080701125
64.59195770501857
117.41107877296962
31.33979356676078
148.19512589080816
62.92040857901631
18.837206897158165
145.08389379205602
107.26325577957024
85.46769159380648
98.87160622056743
31.791420799898997
69.1676858697055
105.1779372485178
55.006770733691674
118.44798881451979
80.95214374808828
113.56087153772388
67.60339069266932
53.02025620999983
89.9036505153708
74.09969684116128
